-0.33  0.0032022182
-0.32824  0.00331383883
-0.32648  0.00342935026
-0.32472  0.0035488881
-0.32296  0.0036725927
-0.3212  0.00380060931
-0.31944  0.00393308824
-0.31768  0.00407018502
-0.31592  0.00421206062
-0.31416  0.00435888162
-0.3124  0.0045108204
-0.31064  0.00466805535
-0.30888  0.00483077109
-0.30712  0.00499915865
-0.30536  0.00517341575
-0.3036  0.00535374698
-0.30184  0.00554036407
-0.30008  0.00573348612
-0.29832  0.00593333988
-0.29656  0.00614016
-0.2948  0.00635418931
-0.29304  0.0065756791
-0.29128  0.00680488942
-0.28952  0.00704208939
-0.28776  0.00728755751
-0.286  0.00754158198
-0.28424  0.00780446106
-0.28248  0.00807650338
-0.28072  0.00835802837
-0.27896  0.00864936655
-0.2772  0.00895085998
-0.27544  0.00926286267
-0.27368  0.00958574091
-0.27192  0.00991987382
-0.27016  0.0102656537
-0.2684  0.0106234865
-0.26664  0.0109937924
-0.26488  0.0113770062
-0.26312  0.0117735777
-0.26136  0.0121839727
-0.2596  0.0126086729
-0.25784  0.013048177
-0.25608  0.013503001
-0.25432  0.013973679
-0.25256  0.0144607635
-0.2508  0.0149648265
-0.24904  0.0154864597
-0.24728  0.0160262756
-0.24552  0.0165849081
-0.24376  0.017163013
-0.242  0.017761269
-0.24024  0.0183803786
-0.23848  0.0190210687
-0.23672  0.0196840915
-0.23496  0.0203702255
-0.2332  0.0210802763
-0.23144  0.0218150775
-0.22968  0.0225754919
-0.22792  0.0233624123
-0.22616  0.0241767625
-0.2244  0.0250194988
-0.22264  0.0258916106
-0.22088  0.0267941219
-0.21912  0.0277280923
-0.21736  0.0286946183
-0.2156  0.0296948348
-0.21384  0.0307299161
-0.21208  0.0318010776
-0.21032  0.0329095768
-0.20856  0.0340567153
-0.2068  0.0352438399
-0.20504  0.0364723445
-0.20328  0.0377436714
-0.20152  0.0390593134
-0.19976  0.040420815
-0.198  0.0418297749
-0.19624  0.0432878473
-0.19448  0.0447967441
-0.19272  0.046358237
-0.19096  0.0479741593
-0.1892  0.0496464083
-0.18744  0.0513769473
-0.18568  0.0531678082
-0.18392  0.0550210936
-0.18216  0.0569389796
-0.1804  0.0589237179
-0.17864  0.0609776387
-0.17688  0.0631031537
-0.17512  0.0653027583
-0.17336  0.0675790352
-0.1716  0.0699346569
-0.16984  0.0723723892
-0.16808  0.0748950942
-0.16632  0.0775057339
-0.16456  0.0802073733
-0.1628  0.0830031846
-0.16104  0.0858964503
-0.15928  0.0888905674
-0.15752  0.0919890513
-0.15576  0.0951955399
-0.154  0.098513798
-0.15224  0.101947722
-0.15048  0.105501342
-0.14872  0.109178833
-0.14696  0.11298451
-0.1452  0.116922844
-0.14344  0.120998457
-0.14168  0.125216134
-0.13992  0.129580829
-0.13816  0.134097665
-0.1364  0.138771945
-0.13464  0.143609159
-0.13288  0.148614984
-0.13112  0.153795299
-0.12936  0.159156186
-0.1276  0.164703938
-0.12584  0.17044507
-0.12408  0.176386323
-0.12232  0.182534671
-0.12056  0.188897334
-0.1188  0.195481783
-0.11704  0.202295747
-0.11528  0.209347228
-0.11352  0.216644504
-0.11176  0.224196143
-0.11  0.232011012
-0.10824  0.240098286
-0.10648  0.24846746
-0.10472  0.257128361
-0.10296  0.266091158
-0.1012  0.275366373
-0.0994399999  0.284964898
-0.0976799999  0.294898
-0.0959199999  0.305177344
-0.0941599999  0.315814998
-0.0923999999  0.326823451
-0.0906399999  0.33821563
-0.0888799999  0.350004908
-0.0871199999  0.362205129
-0.0853599999  0.374830617
-0.0835999999  0.387896195
-0.0818399999  0.401417203
-0.0800799999  0.415409517
-0.0783199999  0.429889565
-0.0765599999  0.444874348
-0.0747999999  0.46038146
-0.0730399999  0.476429108
-0.0712799999  0.493036134
-0.0695199999  0.510222035
-0.0677599999  0.52800699
-0.0659999999  0.54641188
-0.0642399999  0.565458315
-0.0624799999  0.585168657
-0.0607199999  0.605566048
-0.0589599999  0.626674436
-0.0571999999  0.648518606
-0.0554399999  0.671124204
-0.0536799999  0.694517772
-0.0519199999  0.718726776
-0.0501599999  0.74377964
-0.0483999999  0.769705779
-0.0466399999  0.796535633
-0.0448799999  0.824300703
-0.0431199999  0.853033588
-0.0413599999  0.882768023
-0.0395999999  0.91353892
-0.0378399999  0.945382406
-0.0360799999  0.978335871
-0.0343199999  1.012438
-0.0325599999  1.04772884
-0.0307999999  1.08424983
-0.0290399999  1.12204383
-0.0272799999  1.16115523
-0.0255199999  1.20162995
-0.0237599999  1.24351551
-0.0219999999  1.28686109
-0.0202399999  1.33171757
-0.0184799999  1.37813763
-0.0167199999  1.42617577
-0.0149599999  1.47588838
-0.0131999999  1.52733385
-0.0114399999  1.58057256
-0.0096799999  1.63566703
-0.0079199999  1.69268194
-0.0061599999  1.75168423
-0.0043999999  1.81274319
-0.0026399999  1.8759305
-0.0008799999  1.94132034
-1e-10  1.9748651
0  1.97486511
0.0017600001  2.0426958
0.0035200001  2.11081902
0.0052800001  2.17917881
0.0070400001  2.24771903
0.0088000001  2.31638339
0.0105600001  2.3851155
0.0123200001  2.45385893
0.0140800001  2.5225572
0.0158400001  2.5911539
0.0176000001  2.6595927
0.0193600001  2.72781738
0.0211200001  2.79577193
0.0228800001  2.86340054
0.0246400001  2.93064765
0.0264000001  2.99745806
0.0281600001  3.06377688
0.0299200001  3.12954965
0.0316800001  3.19472236
0.0334400001  3.25924149
0.0352000001  3.32305404
0.0369600001  3.38610761
0.0387200001  3.44835043
0.0404800001  3.50973136
0.0422400001  3.57020001
0.0440000001  3.62970671
0.0457600001  3.68820259
0.0475200001  3.74563961
0.0492800001  3.80197061
0.0510400001  3.85714932
0.0528000001  3.91113042
0.0545600001  3.96386958
0.0563200001  4.01532349
0.0580800001  4.0654499
0.0598400001  4.11420764
0.0616000001  4.16155665
0.0633600001  4.20745807
0.0651200001  4.25187419
0.0668800001  4.29476854
0.0686400001  4.33610589
0.0704000001  4.37585228
0.0721600001  4.41397509
0.0739200001  4.45044299
0.0756800001  4.48522605
0.0774400001  4.51829569
0.0792000001  4.54962476
0.0809600001  4.57918752
0.0827200001  4.60695971
0.0844800001  4.6329185
0.0862400001  4.65704259
0.0880000001  4.67931216
0.0897600001  4.69970892
0.0915200001  4.71821612
0.0932800001  4.73481856
0.0950400001  4.74950261
0.0968000001  4.7622562
0.0985600001  4.77306887
0.10032  4.78193173
0.10208  4.78883751
0.10384  4.79378053
0.1056  4.79675674
0.10736  4.79776368
0.10912  4.79680054
0.11088  4.7938681
0.11264  4.78896877
0.1144  4.78210658
0.11616  4.77328716
0.11792  4.76251776
0.11968  4.74980721
0.12144  4.73516596
0.1232  4.71860603
0.12496  4.70014103
0.12672  4.67978611
0.12848  4.65755799
0.13024  4.63347493
0.132  4.6075567
0.13376  4.57982459
0.13552  4.55030138
0.13728  4.51901132
0.13904  4.48598009
0.1408  4.45123482
0.14256  4.41480406
0.14432  4.37671772
0.14608  4.33700707
0.14784  4.29570474
0.1496  4.25284463
0.15136  4.20846195
0.15312  4.16259316
0.15488  4.11527591
0.15664  4.06654906
0.1584  4.01645265
0.16016  3.96502779
0.16192  3.91231674
0.16368  3.85836278
0.16544  3.80321021
0.1672  3.74690434
0.16896  3.68949139
0.17072  3.63101854
0.17248  3.57153379
0.17424  3.51108599
0.176  3.4497248
0.17776  3.38750059
0.17952  3.32446449
0.18128  3.26066824
0.18304  3.19616425
0.1848  3.13100549
0.18656  3.06524548
0.18832  2.99893821
0.19008  2.93213814
0.19184  2.86490014
0.1936  2.79727941
0.19536  2.72933151
0.19712  2.66111222
0.19888  2.59267757
0.20064  2.52408377
0.2024  2.45538714
0.20416  2.38664411
0.20592  2.31791113
0.20768  2.24924465
0.20944  2.18070105
0.2112  2.11233664
0.21296  2.04420756
0.21472  1.97636975
0.21648  1.90887893
0.21824  1.84179053
0.22  1.77515965
0.2201  1.77515964
0.22176  1.71000169
0.22352  1.6472354
0.22528  1.58677297
0.22704  1.52852983
0.2288  1.47242453
0.23056  1.4183786
0.23232  1.36631645
0.23408  1.31616526
0.23584  1.26785488
0.2376  1.22131776
0.23936  1.17648881
0.24112  1.13330532
0.24288  1.09170689
0.24464  1.05163535
0.2464  1.01303466
0.24816  0.975850816
0.24992  0.940031822
0.25168  0.905527578
0.25344  0.872289827
0.2552  0.84027208
0.25696  0.809429558
0.25872  0.779719122
0.26048  0.751099221
0.26224  0.723529823
0.264  0.696972372
0.26576  0.671389723
0.26752  0.646746095
0.26928  0.623007021
0.27104  0.600139299
0.2728  0.578110947
0.27456  0.556891153
0.27632  0.536450241
0.27808  0.51675962
0.27984  0.497791752
0.2816  0.479520107
0.28336  0.46191913
0.28512  0.444964204
0.28688  0.428631615
0.28864  0.41289852
0.2904  0.397742915
0.29216  0.383143602
0.29392  0.369080163
0.29568  0.355532928
0.29744  0.34248295
0.2992  0.329911977
0.30096  0.317802426
0.30272  0.306137361
0.30448  0.294900467
0.30624  0.284076027
0.308  0.273648903
0.30976  0.263604511
0.31152  0.253928802
0.31328  0.244608244
0.31504  0.2356298
0.3168  0.226980914
0.31856  0.218649489
0.32032  0.210623872
0.32208  0.202892839
0.32384  0.195445576
0.3256  0.188271668
0.32736  0.181361081
0.32912  0.17470415
0.33088  0.168291565
0.33264  0.162114356
0.3344  0.156163883
0.33616  0.150431826
0.33792  0.144910165
0.33968  0.13959118
0.34144  0.13446743
0.3432  0.129531749
0.34496  0.124777235
0.34672  0.120197236
0.34848  0.115785349
0.35024  0.111535401
0.352  0.10744145
0.35376  0.103497768
0.35552  0.0996988415
0.35728  0.0960393556
0.35904  0.0925141927
0.3608  0.0891184223
0.36256  0.085847295
0.36432  0.0826962357
0.36608  0.0796608374
0.36784  0.0767368545
0.3696  0.0739201976
0.37136  0.0712069272
0.37312  0.0685932485
0.37488  0.0660755059
0.37664  0.063650178
0.3784  0.0613138728
0.38016  0.0590633226
0.38192  0.0568953798
0.38368  0.0548070121
0.38544  0.0527952988
0.3872  0.0508574263
0.38896  0.0489906841
0.39072  0.0471924615
0.39248  0.0454602434
0.39424  0.043791607
0.396  0.0421842185
0.39776  0.0406358299
0.39952  0.0391442756
0.40128  0.0377074693
0.40304  0.0363234016
0.4048  0.0349901366
0.40656  0.0337058096
0.40832  0.0324686244
0.41008  0.0312768506
0.41184  0.0301288213
0.4136  0.0290229309
0.41536  0.0279576326
0.41712  0.0269314365
0.41888  0.0259429074
0.42064  0.0249906626
0.4224  0.0240733703
0.42416  0.0231897477
0.42592  0.0223385587
0.42768  0.021518613
0.42944  0.0207287637
0.4312  0.0199679061
0.43296  0.0192349762
0.43472  0.0185289487
0.43648  0.0178488362
0.43824  0.0171936876
0.44  0.0165625864
0.44176  0.01595465
0.44352  0.0153690282
0.44528  0.0148049019
0.44704  0.0142614821
0.4488  0.0137380087
0.45056  0.0132337496
0.45232  0.0127479995
0.45408  0.0122800791
0.45584  0.0118293339
0.4576  0.0113951335
0.45936  0.0109768705
0.46112  0.0105739601
0.46288  0.0101858387
0.46464  0.0098119634
0.4664  0.00945181136
0.46816  0.00910487885
0.46992  0.00877068063
0.47168  0.0084487493
0.47344  0.00813863458
0.4752  0.00783990274
0.47696  0.00755213598
0.47872  0.00727493181
0.48048  0.00700790253
0.48224  0.00675067467
0.484  0.00650288846
0.48576  0.00626419734
0.48752  0.00603426747
0.48928  0.00581277727
0.49104  0.00559941696
0.4928  0.00539388812
0.49456  0.00519590331
0.49632  0.0050051856
0.49808  0.00482146826
0.49984  0.00464449434
0.5016  0.00447401632
0.50336  0.00430979576
0.50512  0.00415160299
0.50688  0.00399921674
0.50864  0.00385242389
0.5104  0.00371101914
0.51216  0.0035748047
0.51392  0.00344359006
0.51568  0.00331719171
0.51744  0.00319543286
0.5192  0.00307814322
0.52096  0.00296515875
0.52272  0.00285632141
0.52448  0.00275147899
0.52624  0.00265048486
0.528  0.00255319775
0.52976  0.00245948161
0.53152  0.00236920535
0.53328  0.00228224272
0.53504  0.00219847209
0.5368  0.00211777629
0.53856  0.00204004247
0.54032  0.0019651619
0.54208  0.00189302984
0.54384  0.00182354543
0.5456  0.00175661146
0.54736  0.00169213434
0.54912  0.00163002387
0.55  0.00159982887
