-2  2.01310607e-13
-1.992  2.31889788e-13
-1.984  2.67113963e-13
-1.976  3.07688707e-13
-1.968  3.54426775e-13
-1.96  4.08264379e-13
-1.952  4.70279942e-13
-1.944  5.417157e-13
-1.936  6.24002585e-13
-1.928  7.1878889e-13
-1.92  8.27973281e-13
-1.912  9.53742835e-13
-1.904  1.09861685e-12
-1.896  1.2654973e-12
-1.888  1.45772697e-12
-1.88  1.67915642e-12
-1.872  1.93422112e-12
-1.864  2.22803027e-12
-1.856  2.56646918e-12
-1.848  2.95631713e-12
-1.84  3.40538318e-12
-1.832  3.92266258e-12
-1.824  4.51851699e-12
-1.816  5.20488197e-12
-1.808  5.99550614e-12
-1.8  6.90622652e-12
-1.792  7.95528577e-12
-1.784  9.16369765e-12
-1.776  1.05556679e-11
-1.768  1.21590791e-11
-1.76  1.40060493e-11
-1.752  1.61335752e-11
-1.744  1.85842733e-11
-1.736  2.14072337e-11
-1.728  2.46590032e-11
-1.72  2.84047181e-11
-1.712  3.27194089e-11
-1.704  3.76895035e-11
-1.696  4.34145579e-11
-1.688  5.00092509e-11
-1.68  5.76056811e-11
-1.672  6.63560128e-11
-1.664  7.64355242e-11
-1.656  8.80461185e-11
-1.648  1.01420368e-10
-1.64  1.16826172e-10
-1.632  1.34572126e-10
-1.624  1.55013699e-10
-1.616  1.78560358e-10
-1.608  2.05683765e-10
-1.6  2.36927232e-10
-1.592  2.72916596e-10
-1.584  3.14372764e-10
-1.576  3.62126143e-10
-1.568  4.17133285e-10
-1.56  4.80496039e-10
-1.552  5.53483628e-10
-1.544  6.37558067e-10
-1.536  7.34403456e-10
-1.528  8.45959707e-10
-1.52  9.74461409e-10
-1.512  1.12248258e-9
-1.504  1.29298825e-9
-1.496  1.48939381e-9
-1.488  1.71563347e-9
-1.48  1.97623905e-9
-1.472  2.27643075e-9
-1.464  2.62222172e-9
-1.456  3.0205385e-9
-1.448  3.47935981e-9
-1.44  4.0078763e-9
-1.432  4.61667471e-9
-1.424  5.3179499e-9
-1.416  6.12574915e-9
-1.408  7.0562535e-9
-1.4  8.12810193e-9
-1.392  9.36276467e-9
-1.384  1.07849733e-8
-1.376  1.24232161e-8
-1.368  1.43103089e-8
-1.36  1.64840519e-8
-1.352  1.89879876e-8
-1.344  2.18722724e-8
-1.336  2.51946815e-8
-1.328  2.90217662e-8
-1.32  3.3430187e-8
-1.312  3.85082491e-8
-1.304  4.43576713e-8
-1.296  5.10956237e-8
-1.288  5.88570745e-8
-1.28  6.77974935e-8
-1.272  7.80959666e-8
-1.264  8.99587829e-8
-1.256  1.03623567e-7
-1.248  1.19364038e-7
-1.24  1.37495495e-7
-1.232  1.5838113e-7
-1.224  1.82439303e-7
-1.216  2.10151924e-7
-1.208  2.42074106e-7
-1.2  2.78845283e-7
-1.192  3.21202021e-7
-1.184  3.69992768e-7
-1.176  4.26194854e-7
-1.168  4.90934065e-7
-1.16  5.65507195e-7
-1.152  6.5140802e-7
-1.144  7.50357223e-7
-1.136  8.6433686e-7
-1.128  9.95630061e-7
-1.12  0.00000114686676
-1.112  0.0000013210764
-1.104  0.00000152174856
-1.096  0.00000175290293
-1.088  0.00000201916976
-1.08  0.00000232588265
-1.072  0.00000267918539
-1.064  0.00000308615498
-1.056  0.00000355494347
-1.048  0.00000409494115
-1.04  0.00000471696476
-1.032  0.00000543347406
-1.024  0.00000625882148
-1.016  0.00000720953959
-1.008  0.00000830467225
-1  0.00000956615611
-0.992  0.00001101926
-0.984  0.0000126930911
-0.976  0.000014621178
-0.968  0.0000168421422
-0.96  0.000019400472
-0.952  0.0000223474134
-0.944  0.0000257419966
-0.936  0.0000296522188
-0.928  0.0000341564056
-0.92  0.0000393447806
-0.912  0.0000453212725
-0.904  0.0000522055964
-0.896  0.0000601356525
-0.888  0.0000692702881
-0.88  0.0000797924795
-0.872  0.0000919129969
-0.864  0.000105874627
-0.856  0.000121957036
-0.848  0.00014048237
-0.84  0.000161821712
-0.832  0.000186402511
-0.824  0.000214717146
-0.816  0.000247332788
-0.808  0.000284902761
-0.8  0.000328179633
-0.792  0.000378030283
-0.784  0.000435453272
-0.776  0.000501598841
-0.768  0.000577791955
-0.76  0.000665558842
-0.752  0.000766657562
-0.744  0.000883113228
-0.736  0.00101725857
-0.728  0.00117178065
-0.72  0.00134977472
-0.712  0.00155480617
-0.704  0.00179098201
-0.696  0.00206303307
-0.688  0.00237640882
-0.68  0.0027373865
-0.672  0.00315319688
-0.664  0.00363216906
-0.656  0.00418389735
-0.648  0.00481943345
-0.64  0.0055515078
-0.632  0.0063947846
-0.624  0.00736615557
-0.616  0.00848507828
-0.608  0.00977396591
-0.6  0.0112586362
-0.592  0.0129688287
-0.584  0.0149388002
-0.576  0.0172080114
-0.568  0.0198219169
-0.56  0.022832876
-0.552  0.0263012013
-0.544  0.0302963669
-0.536  0.0348984001
-0.528  0.0401994845
-0.52  0.0463058063
-0.512  0.0533396814
-0.504  0.0614420056
-0.5  0.0659436323
-0.5  0.0217423003
-0.492  0.032052026
-0.484  0.0443148432
-0.476  0.0585039118
-0.468  0.0745881754
-0.46  0.0925324294
-0.452  0.112297398
-0.444  0.133839821
-0.436  0.157112548
-0.428  0.182064639
-0.42  0.208641481
-0.412  0.236784904
-0.404  0.266433309
-0.396  0.297521802
-0.388  0.329982339
-0.38  0.363743872
-0.372  0.398732504
-0.364  0.434871655
-0.356  0.472082225
-0.348  0.510282768
-0.34  0.549389674
-0.332  0.589317347
-0.324  0.629978394
-0.316  0.67128382
-0.308  0.713143216
-0.3  0.755464964
-0.292  0.79815643
-0.284  0.841124173
-0.276  0.884274149
-0.268  0.927511912
-0.26  0.970742826
-0.252  1.01387227
-0.244  1.05680584
-0.236  1.09944957
-0.228  1.14171012
-0.22  1.18349499
-0.212  1.22471273
-0.204  1.26527312
-0.196  1.30508739
-0.188  1.34406839
-0.18  1.38213079
-0.172  1.4191913
-0.164  1.4551688
-0.156  1.48998453
-0.148  1.5235623
-0.14  1.55582862
-0.132  1.58671285
-0.124  1.61614741
-0.116  1.64406786
-0.108  1.6704131
-0.0999999999  1.69512546
-0.0919999999  1.71815086
-0.0839999999  1.73943889
-0.0759999999  1.75894296
-0.0679999999  1.77662039
-0.0599999999  1.79243248
-0.0519999999  1.80634462
-0.0439999999  1.81832636
-0.0359999999  1.82835148
-0.0279999999  1.83639803
-0.0199999999  1.84244841
-0.0119999999  1.84648937
-0.0039999999  1.84851206
0.0040000001  1.84851206
0.0120000001  1.84648937
0.0200000001  1.84244841
0.0280000001  1.83639803
0.0360000001  1.82835148
0.0440000001  1.81832636
0.0520000001  1.80634462
0.0600000001  1.79243248
0.0680000001  1.77662039
0.0760000001  1.75894296
0.0840000001  1.73943889
0.0920000001  1.71815085
0.1  1.69512546
0.108  1.6704131
0.116  1.64406786
0.124  1.61614741
0.132  1.58671285
0.14  1.55582862
0.148  1.5235623
0.156  1.48998453
0.164  1.4551688
0.172  1.4191913
0.18  1.38213079
0.188  1.34406839
0.196  1.30508739
0.204  1.26527312
0.212  1.22471273
0.22  1.18349499
0.228  1.14171012
0.236  1.09944957
0.244  1.05680584
0.252  1.01387227
0.26  0.970742825
0.268  0.927511911
0.276  0.884274148
0.284  0.841124172
0.292  0.798156429
0.3  0.755464963
0.308  0.713143215
0.316  0.671283819
0.324  0.629978393
0.332  0.589317345
0.34  0.549389673
0.348  0.510282767
0.356  0.472082224
0.364  0.434871654
0.372  0.398732504
0.38  0.363743871
0.388  0.329982339
0.396  0.297521801
0.404  0.266433308
0.412  0.236784903
0.42  0.20864148
0.428  0.182064638
0.436  0.157112547
0.444  0.133839821
0.452  0.112297398
0.46  0.0925324289
0.468  0.074588175
0.476  0.0585039115
0.484  0.0443148429
0.492  0.0320520257
0.5  0.0217423003
0.5  0.0659436323
0.508  0.057247681
0.516  0.0496984601
0.524  0.0431447509
0.532  0.0374552758
0.54  0.0325160688
0.548  0.0282281923
0.556  0.0245057557
0.564  0.0212741949
0.572  0.0184687783
0.58  0.0160333104
0.588  0.0139190064
0.596  0.0120835145
0.604  0.010490068
0.612  0.00910674834
0.62  0.00790584633
0.628  0.00686330663
0.636  0.00595824608
0.644  0.00517253537
0.652  0.00449043592
0.66  0.00389828455
0.668  0.00338421986
0.676  0.00293794461
0.684  0.00255051943
0.692  0.00221418381
0.7  0.00192220058
0.708  0.00166872102
0.716  0.00144866768
0.724  0.00125763265
0.732  0.00109178931
0.74  0.000947815642
0.748  0.000822827704
0.756  0.000714321857
0.764  0.000620124618
0.772  0.000538349118
0.78  0.00046735731
0.788  0.000405727153
0.796  0.000352224131
0.804  0.000305776525
0.812  0.000265453939
0.82  0.000230448671
0.828  0.000200059529
0.836  0.000173677786
0.844  0.00015077499
0.852  0.000130892373
0.86  0.000113631666
0.868  0.0000986471196
0.876  0.000085638577
0.884  0.0000743454639
0.892  0.0000645415676
0.9  0.0000560305058
0.908  0.0000486417931
0.916  0.000042227426
0.924  0.0000366589181
0.932  0.0000318247263
0.94  0.0000276280168
0.948  0.000023984725
0.956  0.0000208218723
0.964  0.0000180761032
0.972  0.0000156924172
0.98  0.0000136230666
0.988  0.0000118266001
0.996  0.0000102670327
1.004  0.00000891312463
1.012  0.00000773775568
1.02  0.000006717382
1.028  0.00000583156445
1.036  0.00000506255918
1.044  0.00000439496223
1.052  0.00000381540092
1.06  0.00000331226606
1.068  0.00000287547931
1.076  0.0000024962914
1.084  0.0000021671068
1.092  0.00000188133159
1.1  0.00000163324141
1.108  0.00000141786674
1.116  0.00000123089342
1.124  0.00000106857616
1.132  9.276636e-7
1.14  8.053331e-7
1.148  6.99134257e-7
1.156  6.06939799e-7
1.164  5.26902974e-7
1.172  4.57420562e-7
1.18  3.97100759e-7
1.188  3.44735296e-7
1.196  2.99275238e-7
1.204  2.59809973e-7
1.212  2.25548972e-7
1.22  1.9580595e-7
1.228  1.69985125e-7
1.236  1.47569278e-7
1.244  1.28109397e-7
1.252  1.11215679e-7
1.26  9.65497276e-8
1.268  8.38177669e-8
1.276  7.27647631e-8
1.284  6.31693129e-8
1.292  5.48392096e-8
1.3  4.76075926e-8
1.308  4.13296049e-8
1.316  3.58794922e-8
1.324  3.11480828e-8
1.332  2.70406019e-8
1.34  2.34747723e-8
1.348  2.03791667e-8
1.356  1.76917769e-8
1.364  1.53587718e-8
1.372  1.33334189e-8
1.38  1.15751481e-8
1.388  1.00487395e-8
1.396  8.72361766e-9
1.404  7.57323889e-9
1.412  6.57455995e-9
1.42  5.70757627e-9
1.428  4.95492126e-9
1.436  4.30151846e-9
1.444  3.73427953e-9
1.452  3.2418421e-9
1.46  2.81434213e-9
1.468  2.44321634e-9
1.476  2.12103072e-9
1.484  1.84133154e-9
1.492  1.59851614e-9
1.5  1.38772068e-9
1.508  1.2047227e-9
1.516  1.04585656e-9
1.524  9.07940021e-10
1.532  7.88210459e-10
1.54  6.8426957e-10
1.548  5.9403531e-10
1.556  5.15700193e-10
1.564  4.47695086e-10
1.572  3.88657776e-10
1.58  3.37405684e-10
1.588  2.92912178e-10
1.596  2.54286007e-10
1.604  2.20753448e-10
1.612  1.91642809e-10
1.62  1.66370975e-10
1.628  1.44431724e-10
1.636  1.2538559e-10
1.644  1.0885106e-10
1.652  9.44969294e-11
1.66  8.20356701e-11
1.668  7.12176704e-11
1.676  6.18262346e-11
1.684  5.36732423e-11
1.692  4.65953807e-11
1.7  4.04508729e-11
1.708  3.51166381e-11
1.716  3.04858259e-11
1.724  2.64656764e-11
1.732  2.29756619e-11
1.74  1.99458737e-11
1.748  1.73156221e-11
1.756  1.50322203e-11
1.764  1.30499295e-11
1.772  1.13290423e-11
1.78  9.83508762e-12
1.788  8.53813991e-12
1.796  7.41221999e-12
1.804  6.43477453e-12
1.812  5.58622427e-12
1.82  4.84957188e-12
1.828  4.21006145e-12
1.836  3.65488291e-12
1.844  3.17291547e-12
1.852  2.75450481e-12
1.86  2.39126974e-12
1.868  2.07593429e-12
1.876  1.80218195e-12
1.884  1.56452919e-12
1.892  1.35821556e-12
1.9  1.17910841e-12
1.908  1.02362002e-12
1.916  8.88635796e-13
1.924  7.71451872e-13
1.932  6.69720929e-13
1.94  5.8140519e-13
1.948  5.04735601e-13
1.956  4.38176388e-13
1.964  3.80394304e-13
1.972  3.30231912e-13
1.98  2.86684407e-13
1.988  2.48879489e-13
1.996  2.16059884e-13
2  2.01310607e-13
