-0.6  0.0138344609
-0.5976  0.0141978455
-0.5952  0.014570775
-0.5928  0.0149535001
-0.5904  0.0153462781
-0.588  0.0157493731
-0.5856  0.016163056
-0.5832  0.016587605
-0.5808  0.0170233054
-0.5784  0.0174704502
-0.576  0.01792934
-0.5736  0.0184002833
-0.5712  0.0188835966
-0.5688  0.019379605
-0.5664  0.0198886419
-0.564  0.0204110494
-0.5616  0.0209471788
-0.5592  0.0214973906
-0.5568  0.0220620545
-0.5544  0.0226415502
-0.552  0.0232362674
-0.5496  0.0238466057
-0.5472  0.0244729756
-0.5448  0.0251157981
-0.5424  0.0257755054
-0.54  0.026452541
-0.5376  0.02714736
-0.5352  0.0278604296
-0.5328  0.0285922291
-0.5304  0.0293432505
-0.528  0.0301139987
-0.5256  0.0309049919
-0.5232  0.0317167618
-0.5208  0.0325498541
-0.5184  0.033404829
-0.516  0.0342822611
-0.5136  0.0351827405
-0.5112  0.0361068724
-0.5088  0.0370552782
-0.5064  0.0380285953
-0.504  0.0390274782
-0.5016  0.0400525984
-0.4992  0.0411046451
-0.4968  0.0421843254
-0.4944  0.0432923654
-0.492  0.0444295098
-0.4896  0.0455965231
-0.4872  0.04679419
-0.4848  0.0480233155
-0.4824  0.049284726
-0.48  0.0505792695
-0.4776  0.0519078163
-0.4752  0.0532712595
-0.4728  0.0546705158
-0.4704  0.0561065258
-0.468  0.057580255
-0.4656  0.059092694
-0.4632  0.0606448598
-0.4608  0.0622377957
-0.4584  0.0638725726
-0.456  0.0655502896
-0.4536  0.0672720746
-0.4512  0.0690390851
-0.4488  0.070852509
-0.4464  0.0727135654
-0.444  0.0746235054
-0.4416  0.0765836132
-0.4392  0.0785952064
-0.4368  0.0806596373
-0.4344  0.0827782939
-0.432  0.0849526004
-0.4296  0.0871840187
-0.4272  0.0894740487
-0.4248  0.0918242302
-0.4224  0.094236143
-0.42  0.0967114085
-0.4176  0.099251691
-0.4152  0.101858698
-0.4128  0.104534183
-0.4104  0.107279943
-0.408  0.110097825
-0.4056  0.112989724
-0.4032  0.115957582
-0.4008  0.119003397
-0.3984  0.122129215
-0.396  0.125337137
-0.3936  0.128629321
-0.3912  0.132007979
-0.3888  0.135475384
-0.3864  0.139033865
-0.384  0.142685816
-0.3816  0.146433691
-0.3792  0.15028001
-0.3768  0.154227359
-0.3744  0.158278391
-0.372  0.162435831
-0.3696  0.166702472
-0.3672  0.171081183
-0.3648  0.175574909
-0.3624  0.18018667
-0.36  0.184919566
-0.3576  0.189776779
-0.3552  0.194761575
-0.3528  0.199877304
-0.3504  0.205127407
-0.348  0.210515412
-0.3456  0.216044941
-0.3432  0.221719713
-0.3408  0.227543542
-0.3384  0.233520344
-0.336  0.239654135
-0.3336  0.245949041
-0.3312  0.252409293
-0.3288  0.259039233
-0.3264  0.26584332
-0.324  0.272826127
-0.3216  0.279992349
-0.3192  0.287346804
-0.3168  0.294894435
-0.3144  0.302640317
-0.312  0.310589657
-0.3096  0.3187478
-0.3072  0.327120229
-0.3048  0.335712574
-0.3024  0.344530611
-0.3  0.353580268
-0.2976  0.362867629
-0.2952  0.372398937
-0.2928  0.382180601
-0.2904  0.392219197
-0.288  0.402521472
-0.2856  0.413094353
-0.2832  0.423944948
-0.2808  0.435080552
-0.2784  0.44650865
-0.276  0.458236926
-0.2736  0.470273264
-0.2712  0.482625757
-0.2688  0.495302707
-0.2664  0.508312639
-0.264  0.521664297
-0.2616  0.535366658
-0.2592  0.549428934
-0.2568  0.563860579
-0.2544  0.578671294
-0.252  0.593871037
-0.2496  0.609470026
-0.2472  0.625478748
-0.2448  0.641907965
-0.2424  0.658768721
-0.24  0.676072353
-0.2376  0.693830494
-0.2352  0.71205508
-0.2328  0.730758365
-0.2304  0.749952922
-0.228  0.769651656
-0.2256  0.789867808
-0.2232  0.810614971
-0.2208  0.831907092
-0.2184  0.853758485
-0.216  0.87618384
-0.2136  0.899198234
-0.2112  0.922817139
-0.2088  0.947056432
-0.2064  0.97193241
-0.204  0.997461795
-0.2016  1.02366175
-0.1992  1.05054989
-0.1968  1.07814429
-0.1944  1.10646351
-0.192  1.13552657
-0.1896  1.16535303
-0.1872  1.19596292
-0.1848  1.22737683
-0.1824  1.25961588
-0.18  1.29270174
-0.1776  1.32665665
-0.1752  1.36150345
-0.1728  1.39726555
-0.1704  1.433967
-0.168  1.47163248
-0.1656  1.5102873
-0.1632  1.54995745
-0.1608  1.59066961
-0.1584  1.63245113
-0.156  1.67533012
-0.1536  1.71933539
-0.1512  1.76449653
-0.15  1.78752
-0.15  0.589363903
-0.1476  0.636415636
-0.1452  0.684836835
-0.1428  0.734563368
-0.1404  0.785529376
-0.138  0.837667358
-0.1356  0.890908261
-0.1332  0.945181572
-0.1308  1.00041541
-0.1284  1.05653662
-0.126  1.11347087
-0.1236  1.17114276
-0.1212  1.22947591
-0.1188  1.28839306
-0.1164  1.34781617
-0.114  1.40766655
-0.1116  1.46786493
-0.1092  1.52833157
-0.1068  1.5889864
-0.1044  1.64974908
-0.102  1.71053914
-0.0995999999  1.77127605
-0.0971999999  1.8318794
-0.0947999999  1.89226889
-0.0923999999  1.95236457
-0.0899999999  2.01208682
-0.0875999999  2.07135656
-0.0851999999  2.13009529
-0.0827999999  2.18822521
-0.0803999999  2.24566933
-0.0779999999  2.30235157
-0.0755999999  2.35819686
-0.0731999999  2.41313123
-0.0707999999  2.46708194
-0.0683999999  2.51997752
-0.0659999999  2.57174792
-0.0635999999  2.62232457
-0.0611999999  2.67164049
-0.0587999999  2.71963037
-0.0563999999  2.76623063
-0.0539999999  2.81137957
-0.0515999999  2.85501739
-0.0491999999  2.89708629
-0.0467999999  2.93753055
-0.0443999999  2.97629661
-0.0419999999  3.01333313
-0.0395999999  3.04859105
-0.0371999999  3.08202368
-0.0347999999  3.11358674
-0.0323999999  3.14323843
-0.0299999999  3.17093947
-0.0275999999  3.19665317
-0.0251999999  3.22034548
-0.0227999999  3.24198502
-0.0203999999  3.26154314
-0.0179999999  3.27899392
-0.0155999999  3.29431426
-0.0131999999  3.30748386
-0.0107999999  3.31848528
-0.0083999999  3.32730395
-0.0059999999  3.3339282
-0.0035999999  3.33834924
-0.0011999999  3.34056123
0.0012000001  3.34056123
0.0036000001  3.33834924
0.0060000001  3.3339282
0.0084000001  3.32730395
0.0108000001  3.31848528
0.0132000001  3.30748385
0.0156000001  3.29431425
0.0180000001  3.27899392
0.0204000001  3.26154314
0.0228000001  3.24198502
0.0252000001  3.22034548
0.0276000001  3.19665317
0.0300000001  3.17093946
0.0324000001  3.14323843
0.0348000001  3.11358674
0.0372000001  3.08202368
0.0396000001  3.04859105
0.0420000001  3.01333313
0.0444000001  2.97629661
0.0468000001  2.93753055
0.0492000001  2.89708628
0.0516000001  2.85501738
0.0540000001  2.81137957
0.0564000001  2.76623063
0.0588000001  2.71963036
0.0612000001  2.67164049
0.0636000001  2.62232457
0.0660000001  2.57174792
0.0684000001  2.51997752
0.0708000001  2.46708193
0.0732000001  2.41313123
0.0756000001  2.35819685
0.0780000001  2.30235156
0.0804000001  2.24566932
0.0828000001  2.1882252
0.0852000001  2.13009529
0.0876000001  2.07135656
0.0900000001  2.01208682
0.0924000001  1.95236456
0.0948000001  1.89226889
0.0972000001  1.83187939
0.0996000001  1.77127605
0.102  1.71053913
0.1044  1.64974907
0.1068  1.58898639
0.1092  1.52833157
0.1116  1.46786492
0.114  1.40766655
0.1164  1.34781617
0.1188  1.28839306
0.1212  1.22947591
0.1236  1.17114276
0.126  1.11347087
0.1284  1.05653661
0.1308  1.0004154
0.1332  0.945181568
0.1356  0.890908257
0.138  0.837667354
0.1404  0.785529371
0.1428  0.734563363
0.1452  0.684836831
0.1476  0.636415632
0.15  0.589363903
0.15  1.78752
0.1524  1.74176959
0.1548  1.69719013
0.1572  1.65375165
0.1596  1.61142495
0.162  1.57018158
0.1644  1.52999381
0.1668  1.49083461
0.1692  1.45267767
0.1716  1.41549733
0.174  1.37926859
0.1764  1.34396711
0.1788  1.30956915
0.1812  1.27605158
0.1836  1.24339187
0.186  1.21156806
0.1884  1.18055877
0.1908  1.15034313
0.1932  1.12090085
0.1956  1.09221212
0.198  1.06425766
0.2004  1.03701868
0.2028  1.01047686
0.2052  0.984614362
0.2076  0.959413798
0.21  0.934858226
0.2124  0.910931138
0.2148  0.887616448
0.2172  0.864898483
0.2196  0.842761969
0.222  0.821192024
0.2244  0.800174149
0.2268  0.779694212
0.2292  0.759738446
0.2316  0.740293434
0.234  0.721346106
0.2364  0.702883721
0.2388  0.68489387
0.2412  0.667364457
0.2436  0.650283698
0.246  0.633640109
0.2484  0.617422503
0.2508  0.601619976
0.2532  0.586221904
0.2556  0.571217935
0.258  0.556597984
0.2604  0.542352221
0.2628  0.528471068
0.2652  0.514945195
0.2676  0.501765508
0.27  0.488923146
0.2724  0.476409476
0.2748  0.464216086
0.2772  0.452334777
0.2796  0.440757563
0.282  0.42947666
0.2844  0.418484484
0.2868  0.407773646
0.2892  0.397336945
0.2916  0.387167364
0.294  0.377258067
0.2964  0.367602392
0.2988  0.358193848
0.3012  0.34902611
0.3036  0.340093014
0.306  0.331388554
0.3084  0.32290688
0.3108  0.314642288
0.3132  0.306589223
0.3156  0.298742272
0.318  0.291096158
0.3204  0.283645741
0.3228  0.276386013
0.3252  0.269312092
0.3276  0.262419225
0.33  0.255702775
0.3324  0.249158229
0.3348  0.242781186
0.3372  0.23656736
0.3396  0.230512572
0.342  0.224612753
0.3444  0.218863936
0.3468  0.213262255
0.3492  0.207803947
0.3516  0.20248534
0.354  0.197302859
0.3564  0.192253021
0.3588  0.18733243
0.3612  0.182537778
0.3636  0.177865843
0.366  0.173313482
0.3684  0.168877636
0.3708  0.164555323
0.3732  0.160343637
0.3756  0.156239746
0.378  0.152240891
0.3804  0.148344384
0.3828  0.144547606
0.3852  0.140848004
0.3876  0.137243091
0.39  0.133730444
0.3924  0.1303077
0.3948  0.126972559
0.3972  0.123722779
0.3996  0.120556175
0.402  0.117470618
0.4044  0.114464034
0.4068  0.111534402
0.4092  0.108679751
0.4116  0.105898164
0.414  0.103187769
0.4164  0.100546745
0.4188  0.0979733168
0.4212  0.0954657535
0.4236  0.0930223696
0.426  0.0906415226
0.4284  0.0883216118
0.4308  0.0860610776
0.4332  0.0838584003
0.4356  0.0817120991
0.438  0.0796207311
0.4404  0.0775828902
0.4428  0.0755972066
0.4452  0.0736623453
0.4476  0.0717770055
0.45  0.0699399197
0.4524  0.068149853
0.4548  0.0664056018
0.4572  0.0647059937
0.4596  0.0630498859
0.462  0.061436165
0.4644  0.0598637464
0.4668  0.0583315727
0.4692  0.0568386141
0.4716  0.0553838667
0.474  0.0539663527
0.4764  0.052585119
0.4788  0.0512392371
0.4812  0.0499278021
0.4836  0.0486499325
0.486  0.0474047691
0.4884  0.0461914749
0.4908  0.0450092342
0.4932  0.0438572521
0.4956  0.0427347543
0.498  0.041640986
0.5004  0.0405752121
0.5028  0.0395367159
0.5052  0.0385247994
0.5076  0.0375387822
0.51  0.0365780015
0.5124  0.0356418114
0.5148  0.0347295824
0.5172  0.0338407013
0.5196  0.0329745706
0.522  0.0321306079
0.5244  0.0313082459
0.5268  0.0305069317
0.5292  0.0297261266
0.5316  0.0289653058
0.534  0.0282239576
0.5364  0.0275015838
0.5388  0.0267976986
0.5412  0.026111829
0.5436  0.0254435137
0.546  0.0247923035
0.5484  0.0241577606
0.5508  0.0235394585
0.5532  0.0229369813
0.5556  0.0223499242
0.558  0.0217778924
0.5604  0.0212205015
0.5628  0.0206773765
0.5652  0.0201481525
0.5676  0.0196324737
0.57  0.0191299933
0.5724  0.0186403735
0.5748  0.0181632853
0.5772  0.0176984078
0.5796  0.0172454286
0.582  0.0168040431
0.5844  0.0163739545
0.5868  0.0159548738
0.5892  0.0155465192
0.5916  0.0151486162
0.594  0.0147608972
0.5964  0.0143831016
0.5988  0.0140149755
0.6  0.0138344609
