-0.65  0.00525336055
-0.6474  0.00541483027
-0.6448  0.00558126299
-0.6422  0.00575281127
-0.6396  0.00592963233
-0.637  0.00611188825
-0.6344  0.00629974606
-0.6318  0.00649337797
-0.6292  0.00669296143
-0.6266  0.00689867938
-0.624  0.00711072038
-0.6214  0.00732927876
-0.6188  0.00755455486
-0.6162  0.00778675515
-0.6136  0.00802609245
-0.611  0.00827278613
-0.6084  0.00852706231
-0.6058  0.00878915403
-0.6032  0.00905930153
-0.6006  0.0093377524
-0.598  0.00962476187
-0.5954  0.00992059299
-0.5928  0.0102255169
-0.5902  0.0105398131
-0.5876  0.0108637697
-0.585  0.0111976835
-0.5824  0.0115418607
-0.5798  0.0118966167
-0.5772  0.0122622766
-0.5746  0.0126391756
-0.572  0.0130276591
-0.5694  0.0134280832
-0.5668  0.013840815
-0.5642  0.0142662327
-0.5616  0.0147047262
-0.559  0.0151566975
-0.5564  0.0156225607
-0.5538  0.016102743
-0.5512  0.0165976843
-0.5486  0.0171078384
-0.546  0.0176336728
-0.5434  0.0181756695
-0.5408  0.0187343253
-0.5382  0.0193101522
-0.5356  0.0199036779
-0.533  0.0205154465
-0.5304  0.0211460188
-0.5278  0.0217959726
-0.5252  0.0224659037
-0.5226  0.023156426
-0.52  0.0238681726
-0.5174  0.0246017958
-0.5148  0.025357968
-0.5122  0.0261373822
-0.5096  0.0269407528
-0.507  0.0277688162
-0.5044  0.0286223314
-0.5018  0.0295020806
-0.4992  0.0304088702
-0.4966  0.0313435312
-0.494  0.0323069205
-0.4914  0.0332999209
-0.4888  0.0343234427
-0.4862  0.0353784238
-0.4836  0.0364658314
-0.481  0.037586662
-0.4784  0.038741943
-0.4758  0.0399327333
-0.4732  0.0411601242
-0.4706  0.0424252408
-0.468  0.0437292426
-0.4654  0.0450733248
-0.4628  0.0464587193
-0.4602  0.047886696
-0.4576  0.0493585636
-0.455  0.0508756712
-0.4524  0.0524394093
-0.4498  0.0540512112
-0.4472  0.0557125541
-0.4446  0.0574249609
-0.442  0.0591900011
-0.4394  0.0610092923
-0.4368  0.062884502
-0.4342  0.0648173491
-0.4316  0.0668096051
-0.429  0.068863096
-0.4264  0.0709797039
-0.4238  0.0731613688
-0.4212  0.0754100904
-0.4186  0.0777279298
-0.416  0.0801170113
-0.4134  0.0825795248
-0.4108  0.0851177272
-0.4082  0.0877339449
-0.4056  0.090430576
-0.403  0.0932100919
-0.4004  0.0960750403
-0.3978  0.0990280471
-0.3952  0.102071819
-0.3926  0.105209145
-0.39  0.108442902
-0.3874  0.111776053
-0.3848  0.115211654
-0.3822  0.118752852
-0.3796  0.122402895
-0.377  0.126165127
-0.3744  0.130042996
-0.3718  0.134040058
-0.3692  0.138159975
-0.3666  0.142406524
-0.364  0.146783597
-0.3614  0.151295205
-0.3588  0.155945484
-0.3562  0.160738697
-0.3536  0.165679235
-0.351  0.170771629
-0.3484  0.176020545
-0.3458  0.181430793
-0.3432  0.187007334
-0.3406  0.192755278
-0.338  0.198679893
-0.3354  0.20478661
-0.3328  0.211081026
-0.3302  0.21756891
-0.3276  0.224256208
-0.325  0.23114905
-0.3224  0.238253754
-0.3198  0.245576832
-0.3172  0.253124995
-0.3146  0.260905161
-0.312  0.268924463
-0.3094  0.277190249
-0.3068  0.285710097
-0.3042  0.294491814
-0.3016  0.303543451
-0.299  0.312873302
-0.2964  0.32248992
-0.2938  0.33240212
-0.2912  0.342618985
-0.2886  0.35314988
-0.286  0.364004458
-0.2834  0.375192667
-0.2808  0.386724762
-0.2782  0.398611313
-0.2756  0.410863214
-0.273  0.423491695
-0.2704  0.436508332
-0.2678  0.449925053
-0.2652  0.463754157
-0.2626  0.478008319
-0.26  0.492700604
-0.2574  0.507844477
-0.2548  0.523453819
-0.2522  0.539542938
-0.2496  0.556126579
-0.247  0.573219942
-0.2444  0.590838695
-0.2418  0.608998986
-0.2392  0.62771746
-0.2366  0.647011273
-0.234  0.66689811
-0.2314  0.687396199
-0.2288  0.708524326
-0.2262  0.730301856
-0.2236  0.752748751
-0.221  0.775885585
-0.2184  0.799733562
-0.2158  0.824314542
-0.2132  0.849651055
-0.2106  0.875766322
-0.208  0.90268428
-0.2054  0.930429601
-0.2028  0.959027714
-0.2002  0.988504833
-0.1976  1.01888797
-0.195  1.05020499
-0.1924  1.08248457
-0.1898  1.11575632
-0.1872  1.15005072
-0.1846  1.18539921
-0.182  1.22183418
-0.1794  1.25938904
-0.1768  1.29809821
-0.1742  1.33799715
-0.1716  1.37912245
-0.169  1.4215118
-0.1664  1.46520404
-0.1638  1.51023923
-0.1625  1.53327327
-0.1625  0.505536117
-0.1599  0.552827762
-0.1573  0.601822022
-0.1547  0.652448991
-0.1521  0.704636434
-0.1495  0.758309887
-0.1469  0.813392768
-0.1443  0.869806483
-0.1417  0.92747054
-0.1391  0.986302661
-0.1365  1.0462189
-0.1339  1.10713378
-0.1313  1.16896037
-0.1287  1.23161046
-0.1261  1.29499466
-0.1235  1.35902254
-0.1209  1.42360272
-0.1183  1.48864308
-0.1157  1.55405081
-0.1131  1.61973258
-0.1105  1.68559467
-0.1079  1.75154312
-0.1053  1.81748383
-0.1027  1.8833227
-0.1001  1.9489658
-0.0974999999  2.01431947
-0.0948999999  2.07929046
-0.0922999999  2.14378607
-0.0896999999  2.20771427
-0.0870999999  2.27098385
-0.0844999999  2.33350453
-0.0818999999  2.39518711
-0.0792999999  2.45594357
-0.0766999999  2.51568724
-0.0740999999  2.57433286
-0.0714999999  2.63179675
-0.0688999999  2.68799693
-0.0662999999  2.74285321
-0.0636999999  2.79628732
-0.0610999999  2.84822301
-0.0584999999  2.89858618
-0.0558999999  2.94730498
-0.0532999999  2.99430989
-0.0506999999  3.03953384
-0.0480999999  3.08291231
-0.0454999999  3.1243834
-0.0428999999  3.16388794
-0.0402999999  3.20136956
-0.0376999999  3.23677478
-0.0350999999  3.2700531
-0.0324999999  3.30115701
-0.0298999999  3.33004215
-0.0272999999  3.35666731
-0.0246999999  3.38099448
-0.0220999999  3.40298896
-0.0194999999  3.42261937
-0.0168999999  3.4398577
-0.0142999999  3.45467935
-0.0116999999  3.46706318
-0.0090999999  3.47699151
-0.0064999999  3.48445018
-0.0038999999  3.48942855
-0.0012999999  3.49191951
0.0013000001  3.49191951
0.0039000001  3.48942855
0.0065000001  3.48445018
0.0091000001  3.47699151
0.0117000001  3.46706318
0.0143000001  3.45467935
0.0169000001  3.4398577
0.0195000001  3.42261937
0.0221000001  3.40298896
0.0247000001  3.38099448
0.0273000001  3.3566673
0.0299000001  3.33004215
0.0325000001  3.30115701
0.0351000001  3.27005309
0.0377000001  3.23677478
0.0403000001  3.20136955
0.0429000001  3.16388793
0.0455000001  3.12438339
0.0481000001  3.08291231
0.0507000001  3.03953384
0.0533000001  2.99430989
0.0559000001  2.94730498
0.0585000001  2.89858618
0.0611000001  2.848223
0.0637000001  2.79628731
0.0663000001  2.74285321
0.0689000001  2.68799693
0.0715000001  2.63179675
0.0741000001  2.57433285
0.0767000001  2.51568723
0.0793000001  2.45594357
0.0819000001  2.3951871
0.0845000001  2.33350453
0.0871000001  2.27098384
0.0897000001  2.20771427
0.0923000001  2.14378607
0.0949000001  2.07929046
0.0975000001  2.01431947
0.1001  1.9489658
0.1027  1.8833227
0.1053  1.81748382
0.1079  1.75154312
0.1105  1.68559467
0.1131  1.61973257
0.1157  1.5540508
0.1183  1.48864308
0.1209  1.42360272
0.1235  1.35902253
0.1261  1.29499466
0.1287  1.23161046
0.1313  1.16896037
0.1339  1.10713377
0.1365  1.0462189
0.1391  0.986302657
0.1417  0.927470535
0.1443  0.869806479
0.1469  0.813392764
0.1495  0.758309883
0.1521  0.70463643
0.1547  0.652448987
0.1573  0.601822018
0.1599  0.552827758
0.1625  0.505536117
0.1625  1.53327327
0.1651  1.48755121
0.1677  1.44319258
0.1703  1.40015671
0.1729  1.35840418
0.1755  1.31789669
0.1781  1.27859714
0.1807  1.2404695
0.1833  1.20347882
0.1859  1.1675912
0.1885  1.13277374
0.1911  1.09899454
0.1937  1.06622263
0.1963  1.03442797
0.1989  1.00358143
0.2015  0.973654726
0.2041  0.944620437
0.2067  0.916451946
0.2093  0.889123438
0.2119  0.862609863
0.2145  0.83688692
0.2171  0.811931033
0.2197  0.787719328
0.2223  0.764229614
0.2249  0.74144036
0.2275  0.719330681
0.2301  0.697880309
0.2327  0.677069586
0.2353  0.656879436
0.2379  0.637291355
0.2405  0.618287388
0.2431  0.599850118
0.2457  0.581962645
0.2483  0.564608575
0.2509  0.547772002
0.2535  0.531437494
0.2561  0.515590079
0.2587  0.500215233
0.2613  0.485298863
0.2639  0.470827298
0.2665  0.456787273
0.2691  0.443165921
0.2717  0.429950756
0.2743  0.417129666
0.2769  0.4046909
0.2795  0.392623056
0.2821  0.380915074
0.2847  0.369556224
0.2873  0.358536093
0.2899  0.347844581
0.2925  0.337471889
0.2951  0.32740851
0.2977  0.31764522
0.3003  0.30817307
0.3029  0.298983379
0.3055  0.290067724
0.3081  0.281417932
0.3107  0.273026077
0.3133  0.264884465
0.3159  0.256985636
0.3185  0.249322349
0.3211  0.241887581
0.3237  0.234674517
0.3263  0.227676545
0.3289  0.220887253
0.3315  0.214300416
0.3341  0.207909998
0.3367  0.201710142
0.3393  0.195695165
0.3419  0.189859554
0.3445  0.184197961
0.3471  0.178705195
0.3497  0.173376224
0.3523  0.168206162
0.3549  0.16319027
0.3575  0.158323952
0.3601  0.153602747
0.3627  0.149022328
0.3653  0.144578497
0.3679  0.14026718
0.3705  0.136084426
0.3731  0.132026402
0.3757  0.128089387
0.3783  0.124269774
0.3809  0.120564061
0.3835  0.116968853
0.3861  0.113480853
0.3887  0.110096865
0.3913  0.106813787
0.3939  0.10362861
0.3965  0.100538415
0.3991  0.097540369
0.4017  0.0946317246
0.4043  0.0918098157
0.4069  0.0890720559
0.4095  0.0864159358
0.4121  0.0838390209
0.4147  0.0813389494
0.4173  0.0789134298
0.4199  0.0765602389
0.4225  0.07427722
0.4251  0.0720622805
0.4277  0.0699133902
0.4303  0.0678285797
0.4329  0.065805938
0.4355  0.0638436113
0.4381  0.061939801
0.4407  0.0600927621
0.4433  0.0583008017
0.4459  0.0565622775
0.4485  0.0548755958
0.4511  0.0532392108
0.4537  0.0516516227
0.4563  0.0501113763
0.4589  0.0486170599
0.4615  0.0471673039
0.4641  0.0457607794
0.4667  0.0443961974
0.4693  0.0430723071
0.4719  0.0417878951
0.4745  0.0405417841
0.4771  0.039332832
0.4797  0.0381599307
0.4823  0.0370220053
0.4849  0.0359180127
0.4875  0.034846941
0.4901  0.0338078086
0.4927  0.032799663
0.4953  0.0318215802
0.4979  0.0308726638
0.5005  0.0299520439
0.5031  0.0290588769
0.5057  0.028192344
0.5083  0.027351651
0.5109  0.0265360274
0.5135  0.0257447256
0.5161  0.0249770204
0.5187  0.0242322081
0.5213  0.0235096059
0.5239  0.0228085518
0.5265  0.022128403
0.5291  0.0214685361
0.5317  0.0208283464
0.5343  0.0202072472
0.5369  0.019604669
0.5395  0.0190200597
0.5421  0.0184528833
0.5447  0.0179026201
0.5473  0.0173687657
0.5499  0.0168508308
0.5525  0.0163483407
0.5551  0.0158608347
0.5577  0.0153878662
0.5603  0.0149290015
0.5629  0.0144838201
0.5655  0.014051914
0.5681  0.0136328873
0.5707  0.0132263559
0.5733  0.0128319472
0.5759  0.0124492998
0.5785  0.0120780629
0.5811  0.0117178962
0.5837  0.0113684697
0.5863  0.011029463
0.5889  0.0107005655
0.5915  0.0103814757
0.5941  0.0100719011
0.5967  0.00977155795
0.5993  0.00948017103
0.6019  0.00919747325
0.6045  0.00892320549
0.6071  0.00865711636
0.6097  0.00839896199
0.6123  0.00814850575
0.6149  0.0079055181
0.6175  0.00766977631
0.6201  0.00744106432
0.6227  0.0072191725
0.6253  0.00700389748
0.6279  0.00679504193
0.6305  0.00659241444
0.6331  0.00639582927
0.6357  0.00620510626
0.6383  0.00602007059
0.6409  0.00584055267
0.6435  0.00566638795
0.6461  0.00549741681
0.6487  0.00533348437
0.65  0.00525336055
