-0.7  0.0019503322
-0.6972  0.00201915919
-0.6944  0.00209041507
-0.6916  0.00216418557
-0.6888  0.00224055942
-0.686  0.00231962849
-0.6832  0.00240148791
-0.6804  0.00248623613
-0.6776  0.0025739751
-0.6748  0.00266481038
-0.672  0.00275885122
-0.6692  0.00285621075
-0.6664  0.00295700608
-0.6636  0.00306135847
-0.6608  0.00316939345
-0.658  0.00328124096
-0.6552  0.00339703556
-0.6524  0.00351691654
-0.6496  0.0036410281
-0.6468  0.00376951955
-0.644  0.00390254544
-0.6412  0.00404026581
-0.6384  0.0041828463
-0.6356  0.00433045845
-0.6328  0.00448327981
-0.63  0.00464149422
-0.6272  0.00480529199
-0.6244  0.00497487017
-0.6216  0.00515043274
-0.6188  0.0053321909
-0.616  0.00552036328
-0.6132  0.00571517624
-0.6104  0.00591686412
-0.6076  0.00612566955
-0.6048  0.0063418437
-0.602  0.0065656466
-0.5992  0.00679734748
-0.5964  0.00703722506
-0.5936  0.00728556789
-0.5908  0.00754267471
-0.588  0.0078088548
-0.5852  0.00808442835
-0.5824  0.00836972686
-0.5796  0.00866509352
-0.5768  0.00897088364
-0.574  0.00928746505
-0.5712  0.00961521858
-0.5684  0.00995453849
-0.5656  0.010305833
-0.5628  0.0106695246
-0.56  0.0110460508
-0.5572  0.0114358646
-0.5544  0.0118394349
-0.5516  0.0122572472
-0.5488  0.012689804
-0.546  0.0131376256
-0.5432  0.0136012509
-0.5404  0.0140812374
-0.5376  0.0145781625
-0.5348  0.0150926242
-0.532  0.0156252411
-0.5292  0.0161766539
-0.5264  0.0167475261
-0.5236  0.0173385443
-0.5208  0.0179504195
-0.518  0.0185838876
-0.5152  0.0192397108
-0.5124  0.0199186779
-0.5096  0.0206216057
-0.5068  0.0213493396
-0.504  0.0221027553
-0.5012  0.0228827589
-0.4984  0.0236902887
-0.4956  0.0245263162
-0.4928  0.0253918469
-0.49  0.0262879222
-0.4872  0.0272156198
-0.4844  0.0281760558
-0.4816  0.0291703854
-0.4788  0.0301998048
-0.476  0.0312655523
-0.4732  0.0323689099
-0.4704  0.0335112049
-0.4676  0.0346938113
-0.4648  0.0359181517
-0.462  0.037185699
-0.4592  0.0384979779
-0.4564  0.0398565669
-0.4536  0.0412631004
-0.4508  0.0427192702
-0.448  0.0442268282
-0.4452  0.0457875876
-0.4424  0.0474034261
-0.4396  0.0490762874
-0.4368  0.0508081837
-0.434  0.0526011984
-0.4312  0.0544574884
-0.4284  0.0563792866
-0.4256  0.0583689049
-0.4228  0.0604287366
-0.42  0.0625612595
-0.4172  0.0647690388
-0.4144  0.0670547305
-0.4116  0.0694210839
-0.4088  0.0718709456
-0.406  0.0744072627
-0.4032  0.0770330861
-0.4004  0.0797515745
-0.3976  0.082565998
-0.3948  0.0854797422
-0.392  0.0884963121
-0.3892  0.0916193363
-0.3864  0.0948525717
-0.3836  0.0981999077
-0.3808  0.101665371
-0.378  0.105253129
-0.3752  0.1089675
-0.3724  0.11281295
-0.3696  0.116794105
-0.3668  0.120915755
-0.364  0.125182858
-0.3612  0.129600546
-0.3584  0.134174134
-0.3556  0.138909123
-0.3528  0.143811209
-0.35  0.148886289
-0.3472  0.154140469
-0.3444  0.159580067
-0.3416  0.165211629
-0.3388  0.171041928
-0.336  0.177077977
-0.3332  0.183327037
-0.3304  0.189796627
-0.3276  0.196494527
-0.3248  0.203428795
-0.322  0.210607773
-0.3192  0.218040096
-0.3164  0.225734705
-0.3136  0.233700856
-0.3108  0.241948131
-0.308  0.250486452
-0.3052  0.259326088
-0.3024  0.268477675
-0.2996  0.27795222
-0.2968  0.287761121
-0.294  0.297916176
-0.2912  0.308429602
-0.2884  0.319314046
-0.2856  0.330582601
-0.2828  0.342248821
-0.28  0.354326741
-0.2772  0.366830889
-0.2744  0.379776307
-0.2716  0.393178568
-0.2688  0.407053793
-0.266  0.421418672
-0.2632  0.436290487
-0.2604  0.451687126
-0.2576  0.46762711
-0.2548  0.484129615
-0.252  0.501214491
-0.2492  0.518902291
-0.2464  0.537214291
-0.2436  0.556172519
-0.2408  0.57579978
-0.238  0.596119686
-0.2352  0.617156678
-0.2324  0.638936063
-0.2296  0.66148404
-0.2268  0.684827733
-0.224  0.708995222
-0.2212  0.734015578
-0.2184  0.7599189
-0.2156  0.786736347
-0.2128  0.814500179
-0.21  0.843243793
-0.2072  0.873001765
-0.2044  0.903809893
-0.2016  0.935705236
-0.1988  0.968726162
-0.196  1.00291239
-0.1932  1.03830505
-0.1904  1.07494671
-0.1876  1.11288145
-0.1848  1.15215491
-0.182  1.19281431
-0.1792  1.23490859
-0.1764  1.27848837
-0.175  1.30085162
-0.175  0.428904287
-0.1722  0.475032147
-0.1694  0.52313775
-0.1666  0.573148223
-0.1638  0.624987803
-0.161  0.678577961
-0.1582  0.733837511
-0.1554  0.790682743
-0.1526  0.849027542
-0.1498  0.908783521
-0.147  0.969860157
-0.1442  1.03216493
-0.1414  1.09560344
-0.1386  1.1600796
-0.1358  1.22549573
-0.133  1.29175273
-0.1302  1.35875023
-0.1274  1.42638674
-0.1246  1.49455979
-0.1218  1.56316611
-0.119  1.63210176
-0.1162  1.70126232
-0.1134  1.77054302
-0.1106  1.8398389
-0.1078  1.90904499
-0.105  1.97805645
-0.1022  2.04676873
-0.0993999999  2.11507774
-0.0965999999  2.18288
-0.0937999999  2.2500728
-0.0909999999  2.31655434
-0.0881999999  2.38222392
-0.0853999999  2.44698205
-0.0825999999  2.51073064
-0.0797999999  2.5733731
-0.0769999999  2.63481454
-0.0741999999  2.69496189
-0.0713999999  2.75372402
-0.0685999999  2.81101193
-0.0657999999  2.86673882
-0.0629999999  2.92082027
-0.0601999999  2.97317436
-0.0573999999  3.02372177
-0.0545999999  3.07238594
-0.0517999999  3.11909314
-0.0489999999  3.16377261
-0.0461999999  3.20635668
-0.0433999999  3.24678082
-0.0405999999  3.2849838
-0.0377999999  3.32090775
-0.0349999999  3.35449825
-0.0321999999  3.38570441
-0.0293999999  3.41447895
-0.0265999999  3.4407783
-0.0237999999  3.46456259
-0.0209999999  3.48579582
-0.0181999999  3.5044458
-0.0153999999  3.52048429
-0.0125999999  3.53388699
-0.0097999999  3.54463359
-0.0069999999  3.55270782
-0.0041999999  3.55809745
-0.0013999999  3.5607943
0.0014000001  3.5607943
0.0042000001  3.55809745
0.0070000001  3.55270782
0.0098000001  3.54463359
0.0126000001  3.53388699
0.0154000001  3.52048429
0.0182000001  3.5044458
0.0210000001  3.48579582
0.0238000001  3.46456259
0.0266000001  3.44077829
0.0294000001  3.41447895
0.0322000001  3.38570441
0.0350000001  3.35449825
0.0378000001  3.32090775
0.0406000001  3.2849838
0.0434000001  3.24678081
0.0462000001  3.20635667
0.0490000001  3.16377261
0.0518000001  3.11909314
0.0546000001  3.07238594
0.0574000001  3.02372177
0.0602000001  2.97317436
0.0630000001  2.92082027
0.0658000001  2.86673881
0.0686000001  2.81101192
0.0714000001  2.75372402
0.0742000001  2.69496188
0.0770000001  2.63481454
0.0798000001  2.57337309
0.0826000001  2.51073063
0.0854000001  2.44698205
0.0882000001  2.38222392
0.0910000001  2.31655434
0.0938000001  2.25007279
0.0966000001  2.18287999
0.0994000001  2.11507773
0.1022  2.04676872
0.105  1.97805644
0.1078  1.90904499
0.1106  1.8398389
0.1134  1.77054302
0.1162  1.70126232
0.119  1.63210176
0.1218  1.5631661
0.1246  1.49455978
0.1274  1.42638673
0.1302  1.35875023
0.133  1.29175273
0.1358  1.22549573
0.1386  1.1600796
0.1414  1.09560344
0.1442  1.03216492
0.147  0.969860153
0.1498  0.908783517
0.1526  0.849027538
0.1554  0.790682739
0.1582  0.733837507
0.161  0.678577957
0.1638  0.624987799
0.1666  0.573148219
0.1694  0.523137747
0.1722  0.475032143
0.175  0.428904287
0.175  1.30085162
0.1778  1.25650955
0.1806  1.21367897
0.1834  1.17230835
0.1862  1.13234792
0.189  1.09374963
0.1918  1.05646703
0.1946  1.02045529
0.1974  0.985671075
0.2002  0.952072548
0.203  0.919619294
0.2058  0.888272271
0.2086  0.857993774
0.2114  0.828747378
0.2142  0.800497903
0.217  0.773211366
0.2198  0.746854945
0.2226  0.721396933
0.2254  0.696806708
0.2282  0.673054688
0.231  0.650112303
0.2338  0.627951954
0.2366  0.606546983
0.2394  0.585871643
0.2422  0.565901062
0.245  0.546611218
0.2478  0.527978905
0.2506  0.509981712
0.2534  0.492597988
0.2562  0.475806822
0.259  0.459588016
0.2618  0.44392206
0.2646  0.428790108
0.2674  0.414173959
0.2702  0.400056029
0.273  0.386419337
0.2758  0.373247478
0.2786  0.360524608
0.2814  0.348235421
0.2842  0.336365136
0.287  0.324899473
0.2898  0.313824639
0.2926  0.303127312
0.2954  0.292794625
0.2982  0.282814147
0.301  0.273173874
0.3038  0.263862208
0.3066  0.254867949
0.3094  0.246180276
0.3122  0.23778874
0.315  0.229683246
0.3178  0.221854043
0.3206  0.214291714
0.3234  0.206987162
0.3262  0.1999316
0.329  0.19311654
0.3318  0.186533785
0.3346  0.180175416
0.3374  0.174033785
0.3402  0.168101503
0.343  0.162371435
0.3458  0.156836687
0.3486  0.151490601
0.3514  0.146326748
0.3542  0.141338915
0.357  0.136521101
0.3598  0.131867513
0.3626  0.127372551
0.3654  0.123030808
0.3682  0.118837062
0.371  0.114786269
0.3738  0.110873554
0.3766  0.107094212
0.3794  0.103443697
0.3822  0.0999176159
0.385  0.0965117285
0.3878  0.0932219375
0.3906  0.0900442854
0.3934  0.0869749499
0.3962  0.0840102386
0.399  0.0811465853
0.4018  0.0783805452
0.4046  0.0757087911
0.4074  0.0731281089
0.4102  0.0706353942
0.413  0.0682276487
0.4158  0.0659019758
0.4186  0.0636555781
0.4214  0.0614857532
0.4242  0.0593898911
0.427  0.0573654705
0.4298  0.0554100562
0.4326  0.0535212961
0.4354  0.0516969181
0.4382  0.0499347275
0.441  0.0482326047
0.4438  0.046588502
0.4466  0.0450004418
0.4494  0.0434665137
0.4522  0.0419848726
0.455  0.0405537361
0.4578  0.0391713827
0.4606  0.0378361495
0.4634  0.0365464303
0.4662  0.0353006738
0.469  0.0340973813
0.4718  0.0329351054
0.4746  0.0318124479
0.4774  0.0307280584
0.4802  0.0296806324
0.483  0.02866891
0.4858  0.0276916741
0.4886  0.0267477493
0.4914  0.0258359999
0.4942  0.0249553293
0.497  0.0241046781
0.4998  0.023283023
0.5026  0.0224893757
0.5054  0.0217227813
0.5082  0.0209823178
0.511  0.0202670945
0.5138  0.0195762509
0.5166  0.0189089561
0.5194  0.0182644074
0.5222  0.0176418293
0.525  0.0170404731
0.5278  0.0164596152
0.5306  0.015898557
0.5334  0.0153566236
0.5362  0.0148331631
0.539  0.0143275457
0.5418  0.0138391633
0.5446  0.0133674283
0.5474  0.0129117734
0.5502  0.0124716504
0.553  0.0120465298
0.5558  0.0116359002
0.5586  0.0112392678
0.5614  0.0108561554
0.5642  0.0104861021
0.567  0.0101286628
0.5698  0.00978340753
0.5726  0.00944992095
0.5754  0.00912780191
0.5782  0.00881666293
0.581  0.00851612973
0.5838  0.0082258408
0.5866  0.00794544693
0.5894  0.00767461083
0.5922  0.00741300671
0.595  0.00716031988
0.5978  0.00691624637
0.6006  0.00668049259
0.6034  0.00645277493
0.6062  0.00623281948
0.609  0.00602036164
0.6118  0.00581514583
0.6146  0.00561692522
0.6174  0.00542546133
0.6202  0.00524052387
0.623  0.00506189037
0.6258  0.00488934594
0.6286  0.00472268302
0.6314  0.00456170113
0.6342  0.00440620663
0.637  0.00425601246
0.6398  0.00411093795
0.6426  0.00397080859
0.6454  0.00383545581
0.6482  0.0037047168
0.651  0.00357843428
0.6538  0.00345645635
0.6566  0.00333863627
0.6594  0.00322483233
0.6622  0.00311490761
0.665  0.00300872989
0.6678  0.00290617145
0.6706  0.00280710891
0.6734  0.00271142312
0.6762  0.00261899896
0.679  0.00252972525
0.6818  0.00244349462
0.6846  0.00236020333
0.6874  0.00227975118
0.6902  0.0022020414
0.693  0.00212698052
0.6958  0.00205447823
0.6986  0.00198444732
0.7  0.0019503322
