-0.75  0.000719228132
-0.747  0.000747911058
-0.744  0.000777737865
-0.741  0.000808754168
-0.738  0.000841007407
-0.735  0.000874546909
-0.732  0.000909423972
-0.729  0.000945691937
-0.726  0.000983406275
-0.723  0.00102262467
-0.72  0.00106340709
-0.717  0.00110581593
-0.714  0.00114991603
-0.711  0.00119577486
-0.708  0.00124346254
-0.705  0.00129305201
-0.702  0.00134461912
-0.699  0.00139824274
-0.696  0.00145400487
-0.693  0.0015119908
-0.69  0.00157228923
-0.687  0.00163499236
-0.684  0.0017001961
-0.681  0.00176800018
-0.678  0.00183850829
-0.675  0.00191182828
-0.672  0.00198807228
-0.669  0.0020673569
-0.666  0.00214980341
-0.663  0.0022355379
-0.66  0.00232469148
-0.657  0.00241740053
-0.654  0.00251380683
-0.651  0.00261405783
-0.648  0.00271830685
-0.645  0.00282671334
-0.642  0.00293944309
-0.639  0.00305666853
-0.636  0.00317856893
-0.633  0.00330533074
-0.63  0.00343714783
-0.627  0.0035742218
-0.624  0.00371676231
-0.621  0.00386498735
-0.618  0.00401912363
-0.615  0.00417940689
-0.612  0.00434608227
-0.609  0.00451940468
-0.606  0.00469963922
-0.603  0.00488706155
-0.6  0.0050819583
-0.597  0.00528462757
-0.594  0.00549537931
-0.591  0.00571453587
-0.588  0.00594243242
-0.585  0.00617941753
-0.582  0.00642585363
-0.579  0.00668211764
-0.576  0.00694860151
-0.573  0.00722571278
-0.57  0.0075138753
-0.567  0.00781352978
-0.564  0.00812513453
-0.561  0.00844916613
-0.558  0.00878612015
-0.555  0.00913651195
-0.552  0.00950087743
-0.549  0.00987977385
-0.546  0.0102737807
-0.543  0.0106835007
-0.54  0.0111095603
-0.537  0.0115526112
-0.534  0.0120133311
-0.531  0.0124924246
-0.528  0.0129906243
-0.525  0.0135086924
-0.522  0.0140474211
-0.519  0.0146076344
-0.516  0.015190189
-0.513  0.0157959761
-0.51  0.016425922
-0.507  0.0170809902
-0.504  0.0177621827
-0.501  0.0184705412
-0.498  0.0192071492
-0.495  0.0199731332
-0.492  0.0207696648
-0.489  0.0215979622
-0.486  0.0224592922
-0.483  0.0233549721
-0.48  0.024286372
-0.477  0.0252549161
-0.474  0.026262086
-0.471  0.027309422
-0.468  0.0283985258
-0.465  0.0295310633
-0.462  0.0307087666
-0.459  0.0319334369
-0.456  0.0332069472
-0.453  0.0345312452
-0.45  0.0359083565
-0.447  0.0373403872
-0.444  0.0388295275
-0.441  0.0403780549
-0.438  0.0419883378
-0.435  0.0436628391
-0.432  0.0454041197
-0.429  0.0472148429
-0.426  0.0490977779
-0.423  0.0510558047
-0.42  0.0530919179
-0.417  0.0552092317
-0.414  0.0574109842
-0.411  0.0597005429
-0.408  0.0620814096
-0.405  0.0645572255
-0.402  0.0671317775
-0.399  0.0698090029
-0.396  0.0725929965
-0.393  0.0754880161
-0.39  0.0784984896
-0.387  0.0816290213
-0.384  0.084884399
-0.381  0.0882696016
-0.378  0.0917898067
-0.375  0.095450398
-0.372  0.0992569743
-0.369  0.103215357
-0.366  0.107331602
-0.363  0.111612002
-0.36  0.116063106
-0.357  0.12069172
-0.354  0.125504924
-0.351  0.130510079
-0.348  0.135714841
-0.345  0.141127169
-0.342  0.146755342
-0.339  0.152607967
-0.336  0.158693996
-0.333  0.165022736
-0.33  0.171603868
-0.327  0.178447456
-0.324  0.185563968
-0.321  0.192964287
-0.318  0.200659732
-0.315  0.208662072
-0.312  0.216983547
-0.309  0.225636884
-0.306  0.234635317
-0.303  0.243992609
-0.3  0.253723071
-0.297  0.263841585
-0.294  0.274363628
-0.291  0.285305291
-0.288  0.296683309
-0.285  0.308515084
-0.282  0.320818712
-0.279  0.333613011
-0.276  0.346917548
-0.273  0.360752672
-0.27  0.375139544
-0.267  0.390100165
-0.264  0.405657419
-0.261  0.421835098
-0.258  0.438657945
-0.255  0.456151691
-0.252  0.474343089
-0.249  0.493259963
-0.246  0.512931245
-0.243  0.53338702
-0.24  0.554658575
-0.237  0.576778443
-0.234  0.599780455
-0.231  0.62369979
-0.228  0.648573032
-0.225  0.674438222
-0.222  0.70133492
-0.219  0.729304263
-0.216  0.758389027
-0.213  0.788633696
-0.21  0.820084527
-0.207  0.852789622
-0.204  0.886799001
-0.201  0.922164679
-0.198  0.958940746
-0.195  0.997183448
-0.192  1.03695127
-0.189  1.07830505
-0.1875  1.09959633
-0.1875  0.362548327
-0.1845  0.406667837
-0.1815  0.452978535
-0.1785  0.501406761
-0.1755  0.551875486
-0.1725  0.604304434
-0.1695  0.658610215
-0.1665  0.71470645
-0.1635  0.772503915
-0.1605  0.831910677
-0.1575  0.892832247
-0.1545  0.955171723
-0.1515  1.01882995
-0.1485  1.08370567
-0.1455  1.14969571
-0.1425  1.21669508
-0.1395  1.28459724
-0.1365  1.35329417
-0.1335  1.42267661
-0.1305  1.49263419
-0.1275  1.56305565
-0.1245  1.63382898
-0.1215  1.7048416
-0.1185  1.77598057
-0.1155  1.84713272
-0.1125  1.9181849
-0.1095  1.98902408
-0.1065  2.05953759
-0.1035  2.12961327
-0.1005  2.19913967
-0.0974999999  2.26800619
-0.0944999999  2.3361033
-0.0914999999  2.40332268
-0.0884999999  2.46955742
-0.0854999999  2.53470216
-0.0824999999  2.59865329
-0.0794999999  2.66130909
-0.0764999999  2.72256989
-0.0734999999  2.78233827
-0.0704999999  2.84051915
-0.0674999999  2.89701999
-0.0644999999  2.95175093
-0.0614999999  3.0046249
-0.0584999999  3.05555782
-0.0554999999  3.10446866
-0.0524999999  3.15127963
-0.0494999999  3.19591627
-0.0464999999  3.23830759
-0.0434999999  3.27838616
-0.0404999999  3.31608823
-0.0374999999  3.35135383
-0.0344999999  3.38412688
-0.0314999999  3.41435523
-0.0284999999  3.44199082
-0.0254999999  3.46698969
-0.0224999999  3.48931206
-0.0194999999  3.50892245
-0.0164999999  3.52578965
-0.0134999999  3.53988683
-0.0104999999  3.55119158
-0.0074999999  3.55968592
-0.0044999999  3.56535632
-0.0014999999  3.56819378
0.0015000001  3.56819378
0.0045000001  3.56535632
0.0075000001  3.55968592
0.0105000001  3.55119158
0.0135000001  3.53988683
0.0165000001  3.52578964
0.0195000001  3.50892245
0.0225000001  3.48931206
0.0255000001  3.46698968
0.0285000001  3.44199082
0.0315000001  3.41435523
0.0345000001  3.38412688
0.0375000001  3.35135383
0.0405000001  3.31608823
0.0435000001  3.27838616
0.0465000001  3.23830759
0.0495000001  3.19591627
0.0525000001  3.15127962
0.0555000001  3.10446865
0.0585000001  3.05555781
0.0615000001  3.0046249
0.0645000001  2.95175092
0.0675000001  2.89701999
0.0705000001  2.84051915
0.0735000001  2.78233827
0.0765000001  2.72256989
0.0795000001  2.66130908
0.0825000001  2.59865328
0.0855000001  2.53470215
0.0885000001  2.46955741
0.0915000001  2.40332267
0.0945000001  2.33610329
0.0975000001  2.26800618
0.1005  2.19913966
0.1035  2.12961327
0.1065  2.05953759
0.1095  1.98902407
0.1125  1.91818489
0.1155  1.84713272
0.1185  1.77598056
0.1215  1.7048416
0.1245  1.63382898
0.1275  1.56305565
0.1305  1.49263419
0.1335  1.4226766
0.1365  1.35329416
0.1395  1.28459723
0.1425  1.21669508
0.1455  1.1496957
0.1485  1.08370567
0.1515  1.01882995
0.1545  0.955171718
0.1575  0.892832243
0.1605  0.831910673
0.1635  0.772503911
0.1665  0.714706447
0.1695  0.658610211
0.1725  0.604304431
0.1755  0.551875482
0.1785  0.501406758
0.1815  0.452978532
0.1845  0.406667834
0.1875  0.362548327
0.1875  1.09959633
0.1905  1.05742602
0.1935  1.01687297
0.1965  0.977875163
0.1995  0.940372948
0.2025  0.90430897
0.2055  0.869628071
0.2085  0.836277209
0.2115  0.804205377
0.2145  0.773363523
0.2175  0.743704476
0.2205  0.715182875
0.2235  0.687755098
0.2265  0.661379195
0.2295  0.636014828
0.2325  0.611623202
0.2355  0.588167013
0.2385  0.565610385
0.2415  0.54391882
0.2445  0.523059143
0.2475  0.502999449
0.2505  0.483709058
0.2535  0.465158468
0.2565  0.447319307
0.2595  0.43016429
0.2625  0.41366718
0.2655  0.397802747
0.2685  0.382546725
0.2715  0.367875784
0.2745  0.353767483
0.2775  0.340200246
0.2805  0.327153322
0.2835  0.314606757
0.2865  0.302541362
0.2895  0.290938683
0.2925  0.279780975
0.2955  0.269051174
0.2985  0.258732868
0.3015  0.248810277
0.3045  0.239268224
0.3075  0.230092115
0.3105  0.221267917
0.3135  0.212782134
0.3165  0.204621786
0.3195  0.196774393
0.3225  0.189227954
0.3255  0.181970926
0.3285  0.17499221
0.3315  0.168281133
0.3345  0.161827431
0.3375  0.155621232
0.3405  0.149653046
0.3435  0.143913744
0.3465  0.138394549
0.3495  0.133087019
0.3525  0.127983036
0.3555  0.123074794
0.3585  0.118354788
0.3615  0.113815796
0.3645  0.109450879
0.3675  0.105253359
0.3705  0.101216817
0.3735  0.0973350793
0.3765  0.093602209
0.3795  0.0900124971
0.3825  0.0865604531
0.3855  0.0832407975
0.3885  0.0800484531
0.3915  0.0769785374
0.3945  0.0740263552
0.3975  0.0711873913
0.4005  0.0684573036
0.4035  0.0658319169
0.4065  0.0633072155
0.4095  0.0608793383
0.4125  0.0585445719
0.4155  0.0562993455
0.4185  0.0541402252
0.4215  0.0520639086
0.4245  0.0500672203
0.4275  0.0481471064
0.4305  0.0463006303
0.4335  0.0445249679
0.4365  0.0428174033
0.4395  0.0411753251
0.4425  0.0395962218
0.4455  0.0380776783
0.4485  0.0366173719
0.4515  0.0352130694
0.4545  0.0338626229
0.4575  0.032563967
0.4605  0.0313151154
0.4635  0.0301141583
0.4665  0.0289592586
0.4695  0.0278486503
0.4725  0.0267806345
0.4755  0.0257535779
0.4785  0.0247659097
0.4815  0.0238161193
0.4845  0.022902754
0.4875  0.0220244169
0.4905  0.0211797647
0.4935  0.0203675055
0.4965  0.019586397
0.4995  0.0188352446
0.5025  0.0181128995
0.5055  0.0174182567
0.5085  0.0167502541
0.5115  0.0161078698
0.5145  0.0154901214
0.5175  0.0148960641
0.5205  0.0143247894
0.5235  0.0137754234
0.5265  0.013247126
0.5295  0.0127390892
0.5325  0.012250536
0.5355  0.0117807191
0.5385  0.0113289201
0.5415  0.0108944478
0.5445  0.0104766379
0.5475  0.0100748513
0.5505  0.00968847356
0.5535  0.00931691363
0.5565  0.0089596033
0.5595  0.00861599607
0.5625  0.00828556643
0.5655  0.00796780901
0.5685  0.0076622378
0.5715  0.00736838548
0.5745  0.0070858026
0.5775  0.00681405698
0.5805  0.006552733
0.5835  0.00630143098
0.5865  0.00605976657
0.5895  0.00582737017
0.5925  0.00560388633
0.5955  0.00538897326
0.5985  0.00518230227
0.6015  0.00498355725
0.6045  0.00479243425
0.6075  0.00460864095
0.6105  0.00443189626
0.6135  0.00426192985
0.6165  0.00409848178
0.6195  0.00394130206
0.6225  0.00379015029
0.6255  0.0036447953
0.6285  0.00350501478
0.6315  0.00337059495
0.6345  0.00324133021
0.6375  0.00311702287
0.6405  0.0029974828
0.6435  0.00288252718
0.6465  0.00277198019
0.6495  0.00266567276
0.6525  0.00256344229
0.6555  0.00246513244
0.6585  0.00237059284
0.6615  0.0022796789
0.6645  0.00219225157
0.6675  0.00210817715
0.6705  0.00202732704
0.6735  0.00194957759
0.6765  0.00187480989
0.6795  0.00180290958
0.6825  0.00173376671
0.6855  0.00166727551
0.6885  0.00160333429
0.6915  0.00154184527
0.6945  0.0014827144
0.6975  0.00142585123
0.7005  0.00137116881
0.7035  0.0013185835
0.7065  0.00126801488
0.7095  0.0012193856
0.7125  0.00117262128
0.7155  0.00112765041
0.7185  0.00108440421
0.7215  0.00104281653
0.7245  0.00100282377
0.7275  0.000964364755
0.7305  0.000927380673
0.7335  0.000891814958
0.7365  0.000857613214
0.7395  0.00082472313
0.7425  0.000793094406
0.7455  0.000762678665
0.7485  0.00073342939
0.75  0.000719228132
