-0.8  0.000266061585
-0.7968  0.000277895651
-0.7936  0.000290256081
-0.7904  0.000303166286
-0.7872  0.00031665072
-0.784  0.000330734924
-0.7808  0.000345445575
-0.7776  0.000360810535
-0.7744  0.000376858909
-0.7712  0.000393621093
-0.768  0.000411128837
-0.7648  0.000429415302
-0.7616  0.000448515125
-0.7584  0.000468464482
-0.7552  0.000489301161
-0.752  0.000511064627
-0.7488  0.000533796104
-0.7456  0.000557538646
-0.7424  0.000582337225
-0.7392  0.000608238812
-0.736  0.000635292467
-0.7328  0.000663549433
-0.7296  0.000693063231
-0.7264  0.000723889764
-0.7232  0.00075608742
-0.72  0.000789717185
-0.7168  0.000824842757
-0.7136  0.000861530668
-0.7104  0.000899850409
-0.7072  0.000939874561
-0.704  0.000981678934
-0.7008  0.00102534271
-0.6976  0.00107094859
-0.6944  0.00111858297
-0.6912  0.00116833605
-0.688  0.00122030209
-0.6848  0.00127457951
-0.6816  0.00133127111
-0.6784  0.00139048428
-0.6752  0.00145233118
-0.672  0.00151692894
-0.6688  0.00158439993
-0.6656  0.00165487194
-0.6624  0.00172847844
-0.6592  0.00180535887
-0.656  0.00188565884
-0.6528  0.00196953044
-0.6496  0.00205713254
-0.6464  0.00214863106
-0.6432  0.00224419932
-0.64  0.00234401833
-0.6368  0.00244827716
-0.6336  0.00255717327
-0.6304  0.00267091295
-0.6272  0.00278971161
-0.624  0.00291379428
-0.6208  0.00304339598
-0.6176  0.0031787622
-0.6144  0.00332014932
-0.6112  0.00346782516
-0.608  0.00362206942
-0.6048  0.00378317426
-0.6016  0.00395144483
-0.5984  0.00412719985
-0.5952  0.00431077223
-0.592  0.00450250965
-0.5888  0.00470277531
-0.5856  0.00491194851
-0.5824  0.00513042546
-0.5792  0.00535861998
-0.576  0.00559696428
-0.5728  0.00584590983
-0.5696  0.00610592814
-0.5664  0.00637751172
-0.5632  0.00666117498
-0.56  0.0069574552
-0.5568  0.00726691358
-0.5536  0.00759013625
-0.5504  0.00792773543
-0.5472  0.00828035059
-0.544  0.00864864959
-0.5408  0.00903333005
-0.5376  0.00943512058
-0.5344  0.00985478222
-0.5312  0.0102931099
-0.528  0.0107509337
-0.5248  0.011229121
-0.5216  0.0117285774
-0.5184  0.0122502489
-0.5152  0.0127951238
-0.512  0.0133642339
-0.5088  0.0139586573
-0.5056  0.0145795198
-0.5024  0.0152279975
-0.4992  0.0159053186
-0.496  0.0166127661
-0.4928  0.0173516799
-0.4896  0.0181234596
-0.4864  0.018929567
-0.4832  0.019771529
-0.48  0.0206509404
-0.4768  0.0215694668
-0.4736  0.0225288481
-0.4704  0.0235309014
-0.4672  0.0245775246
-0.464  0.0256707003
-0.4608  0.026812499
-0.4576  0.0280050834
-0.4544  0.0292507123
-0.4512  0.0305517452
-0.448  0.0319106462
-0.4448  0.0333299894
-0.4416  0.0348124631
-0.4384  0.0363608753
-0.4352  0.0379781588
-0.432  0.0396673769
-0.4288  0.0414317292
-0.4256  0.0432745575
-0.4224  0.0451993524
-0.4192  0.0472097596
-0.416  0.0493095871
-0.4128  0.051502812
-0.4096  0.0537935888
-0.4064  0.0561862562
-0.4032  0.0586853463
-0.4  0.0612955927
-0.3968  0.0640219393
-0.3936  0.0668695502
-0.3904  0.069843819
-0.3872  0.0729503794
-0.384  0.0761951155
-0.3808  0.0795841731
-0.3776  0.0831239715
-0.3744  0.0868212154
-0.3712  0.0906829079
-0.368  0.0947163633
-0.3648  0.0989292214
-0.3616  0.103329462
-0.3584  0.107925419
-0.3552  0.112725799
-0.352  0.117739693
-0.3488  0.122976598
-0.3456  0.128446434
-0.3424  0.134159561
-0.3392  0.1401268
-0.336  0.146359454
-0.3328  0.152869328
-0.3296  0.159668753
-0.3264  0.166770607
-0.3232  0.174188343
-0.32  0.181936009
-0.3168  0.190028281
-0.3136  0.198480487
-0.3104  0.207308636
-0.3072  0.216529449
-0.304  0.226160391
-0.3008  0.236219705
-0.2976  0.246726444
-0.2944  0.257700509
-0.2912  0.269162686
-0.288  0.281134685
-0.2848  0.293639182
-0.2816  0.306699863
-0.2784  0.320341466
-0.2752  0.33458983
-0.272  0.349471941
-0.2688  0.365015989
-0.2656  0.381251416
-0.2624  0.398208973
-0.2592  0.41592078
-0.256  0.434420384
-0.2528  0.453742826
-0.2496  0.473924705
-0.2464  0.495004247
-0.2432  0.517021379
-0.24  0.540017804
-0.2368  0.564037079
-0.2336  0.5891247
-0.2304  0.615328185
-0.2272  0.642697166
-0.224  0.671283483
-0.2208  0.701141281
-0.2176  0.732327115
-0.2144  0.764900053
-0.2112  0.798921793
-0.208  0.834456774
-0.2048  0.871572304
-0.2016  0.910338683
-0.2  0.930363759
-0.2  0.306750591
-0.1968  0.348435677
-0.1936  0.392469335
-0.1904  0.438778652
-0.1872  0.487286947
-0.184  0.537913895
-0.1808  0.590575666
-0.1776  0.64518506
-0.1744  0.701651651
-0.1712  0.759881938
-0.168  0.8197795
-0.1648  0.881245155
-0.1616  0.944177124
-0.1584  1.0084712
-0.1552  1.07402092
-0.152  1.14071775
-0.1488  1.20845124
-0.1456  1.27710924
-0.1424  1.34657806
-0.1392  1.41674267
-0.136  1.48748688
-0.1328  1.55869355
-0.1296  1.63024478
-0.1264  1.70202209
-0.1232  1.77390662
-0.12  1.84577934
-0.1168  1.91752124
-0.1136  1.98901353
-0.1104  2.06013782
-0.1072  2.13077634
-0.104  2.20081214
-0.1008  2.27012922
-0.0975999999  2.33861283
-0.0943999999  2.40614955
-0.0911999999  2.47262756
-0.0879999999  2.53793677
-0.0847999999  2.60196905
-0.0815999999  2.66461837
-0.0783999999  2.72578099
-0.0751999999  2.78535562
-0.0719999999  2.84324364
-0.0687999999  2.89934917
-0.0655999999  2.95357931
-0.0623999999  3.00584428
-0.0591999999  3.05605752
-0.0559999999  3.10413589
-0.0527999999  3.14999978
-0.0495999999  3.19357325
-0.0463999999  3.23478413
-0.0431999999  3.2735642
-0.0399999999  3.30984924
-0.0367999999  3.34357917
-0.0335999999  3.37469813
-0.0303999999  3.40315459
-0.0271999999  3.42890144
-0.0239999999  3.45189604
-0.0207999999  3.47210032
-0.0175999999  3.48948082
-0.0143999999  3.50400876
-0.0111999999  3.51566008
-0.0079999999  3.5244155
-0.0047999999  3.53026051
-0.0015999999  3.53318544
0.0016000001  3.53318544
0.0048000001  3.53026051
0.0080000001  3.5244155
0.0112000001  3.51566008
0.0144000001  3.50400876
0.0176000001  3.48948082
0.0208000001  3.47210032
0.0240000001  3.45189604
0.0272000001  3.42890144
0.0304000001  3.40315459
0.0336000001  3.37469812
0.0368000001  3.34357916
0.0400000001  3.30984924
0.0432000001  3.2735642
0.0464000001  3.23478413
0.0496000001  3.19357324
0.0528000001  3.14999978
0.0560000001  3.10413589
0.0592000001  3.05605752
0.0624000001  3.00584428
0.0656000001  2.95357931
0.0688000001  2.89934916
0.0720000001  2.84324363
0.0752000001  2.78535562
0.0784000001  2.72578098
0.0816000001  2.66461837
0.0848000001  2.60196905
0.0880000001  2.53793677
0.0912000001  2.47262755
0.0944000001  2.40614955
0.0976000001  2.33861282
0.1008  2.27012922
0.104  2.20081213
0.1072  2.13077634
0.1104  2.06013781
0.1136  1.98901352
0.1168  1.91752123
0.12  1.84577933
0.1232  1.77390661
0.1264  1.70202209
0.1296  1.63024478
0.1328  1.55869355
0.136  1.48748688
0.1392  1.41674266
0.1424  1.34657806
0.1456  1.27710924
0.1488  1.20845124
0.152  1.14071775
0.1552  1.07402092
0.1584  1.0084712
0.1616  0.94417712
0.1648  0.881245151
0.168  0.819779496
0.1712  0.759881934
0.1744  0.701651647
0.1776  0.645185057
0.1808  0.590575663
0.184  0.537913892
0.1872  0.487286944
0.1904  0.438778649
0.1936  0.392469332
0.1968  0.348435674
0.2  0.306750591
0.2  0.930363759
0.2032  0.89074462
0.2064  0.852812646
0.2096  0.816495988
0.2128  0.781725859
0.216  0.748436401
0.2192  0.71656456
0.2224  0.686049968
0.2256  0.656834827
0.2288  0.628863799
0.232  0.602083906
0.2352  0.576444423
0.2384  0.551896787
0.2416  0.528394501
0.2448  0.505893049
0.248  0.484349812
0.2512  0.463723985
0.2544  0.443976499
0.2576  0.425069952
0.2608  0.406968532
0.264  0.389637953
0.2672  0.373045389
0.2704  0.357159412
0.2736  0.341949933
0.2768  0.327388143
0.28  0.31344646
0.2832  0.300098478
0.2864  0.287318914
0.2896  0.275083562
0.2928  0.263369248
0.296  0.252153782
0.2992  0.241415922
0.3024  0.23113533
0.3056  0.221292531
0.3088  0.211868885
0.312  0.20284654
0.3152  0.194208408
0.3184  0.185938126
0.3216  0.178020032
0.3248  0.170439126
0.328  0.163181049
0.3312  0.156232055
0.3344  0.14957898
0.3376  0.143209224
0.3408  0.137110721
0.344  0.13127192
0.3472  0.125681762
0.3504  0.120329659
0.3536  0.115205472
0.3568  0.110299497
0.36  0.10560244
0.3632  0.101105406
0.3664  0.0967998761
0.3696  0.0926776952
0.3728  0.0887310556
0.376  0.084952482
0.3792  0.0813348173
0.3824  0.0778712092
0.3856  0.0745550974
0.3888  0.0713802008
0.392  0.0683405058
0.3952  0.0654302549
0.3984  0.0626439358
0.4016  0.0599762708
0.4048  0.0574222073
0.408  0.0549769074
0.4112  0.0526357395
0.4144  0.0503942693
0.4176  0.0482482511
0.4208  0.0461936202
0.424  0.0442264849
0.4272  0.0423431191
0.4304  0.0405399557
0.4336  0.0388135792
0.4368  0.0371607197
0.44  0.0355782465
0.4432  0.0340631623
0.4464  0.0326125972
0.4496  0.0312238039
0.4528  0.0298941517
0.456  0.0286211221
0.4592  0.027402304
0.4624  0.0262353887
0.4656  0.025118166
0.4688  0.0240485198
0.472  0.023024424
0.4752  0.0220439388
0.4784  0.0211052072
0.4816  0.0202064511
0.4848  0.0193459681
0.488  0.0185221284
0.4912  0.0177333716
0.4944  0.0169782036
0.4976  0.0162551942
0.5008  0.0155629737
0.504  0.0149002312
0.5072  0.0142657113
0.5104  0.0136582122
0.5136  0.0130765831
0.5168  0.0125197225
0.52  0.0119865755
0.5232  0.0114761324
0.5264  0.0109874262
0.5296  0.0105195314
0.5328  0.0100715617
0.536  0.00964266862
0.5392  0.00923203974
0.5424  0.00883889732
0.5456  0.0084624967
0.5488  0.00810212493
0.552  0.00775709944
0.5552  0.00742676671
0.5584  0.00711050106
0.5616  0.00680770345
0.5648  0.00651780034
0.568  0.00624024263
0.5712  0.00597450459
0.5744  0.0057200829
0.5776  0.00547649564
0.5808  0.00524328144
0.584  0.00501999856
0.5872  0.00480622409
0.5904  0.00460155312
0.5936  0.00440559797
0.5968  0.00421798748
0.6  0.00403836631
0.6032  0.00386639422
0.6064  0.0037017455
0.6096  0.00354410826
0.6128  0.00339318395
0.616  0.00324868667
0.6192  0.00311034276
0.6224  0.00297789015
0.6256  0.00285107799
0.6288  0.00272966606
0.632  0.00261342441
0.6352  0.00250213287
0.6384  0.00239558062
0.6416  0.00229356585
0.6448  0.00219589534
0.648  0.00210238409
0.6512  0.00201285497
0.6544  0.00192713841
0.6576  0.00184507205
0.6608  0.00176650046
0.664  0.0016912748
0.6672  0.00161925259
0.6704  0.00155029742
0.6736  0.00148427868
0.6768  0.00142107131
0.68  0.0013605556
0.6832  0.00130261693
0.6864  0.00124714555
0.6896  0.0011940364
0.6928  0.00114318887
0.696  0.00109450667
0.6992  0.00104789758
0.7024  0.00100327331
0.7056  0.000960549349
0.7088  0.000919644771
0.712  0.000880482095
0.7152  0.000842987146
0.7184  0.000807088903
0.7216  0.00077271937
0.7248  0.00073981345
0.728  0.000708308814
0.7312  0.000678145789
0.7344  0.000649267244
0.7376  0.000621618479
0.7408  0.000595147125
0.744  0.000569803041
0.7472  0.000545538225
0.7504  0.000522306716
0.7536  0.00050006451
0.7568  0.000478769479
0.76  0.000458381287
0.7632  0.000438861318
0.7664  0.000420172599
0.7696  0.00040227973
0.7728  0.000385148822
0.776  0.000368747426
0.7792  0.000353044476
0.7824  0.000338010229
0.7856  0.00032361621
0.7888  0.000309835153
0.792  0.000296640957
0.7952  0.00028400863
0.7984  0.000271914246
0.8  0.000266061585
