-0.85  0.0000992845874
-0.8466  0.000104156416
-0.8432  0.000109267303
-0.8398  0.000114628977
-0.8364  0.000120253745
-0.833  0.000126154517
-0.8296  0.000132344835
-0.8262  0.000138838909
-0.8228  0.000145651642
-0.8194  0.000152798672
-0.816  0.000160296401
-0.8126  0.00016816204
-0.8092  0.00017641364
-0.8058  0.00018507014
-0.8024  0.00019415141
-0.799  0.000203678291
-0.7956  0.00021367265
-0.7922  0.000224157425
-0.7888  0.000235156682
-0.7854  0.000246695664
-0.782  0.000258800857
-0.7786  0.000271500044
-0.7752  0.000284822371
-0.7718  0.000298798417
-0.7684  0.000313460257
-0.765  0.000328841545
-0.7616  0.000344977581
-0.7582  0.000361905403
-0.7548  0.000379663862
-0.7514  0.000398293716
-0.748  0.000417837725
-0.7446  0.000438340746
-0.7412  0.000459849836
-0.7378  0.000482414363
-0.7344  0.000506086116
-0.731  0.000530919427
-0.7276  0.000556971292
-0.7242  0.000584301505
-0.7208  0.000612972793
-0.7174  0.000643050962
-0.714  0.000674605047
-0.7106  0.00070770747
-0.7072  0.000742434207
-0.7038  0.000778864962
-0.7004  0.00081708335
-0.697  0.00085717709
-0.6936  0.000899238202
-0.6902  0.000943363225
-0.6868  0.000989653434
-0.6834  0.00103821507
-0.68  0.0010891596
-0.6766  0.00114260394
-0.6732  0.00119867076
-0.6698  0.00125748874
-0.6664  0.00131919288
-0.663  0.0013839248
-0.6596  0.00145183308
-0.6562  0.00152307356
-0.6528  0.00159780978
-0.6494  0.00167621324
-0.646  0.00175846392
-0.6426  0.00184475058
-0.6392  0.00193527127
-0.6358  0.00203023375
-0.6324  0.00212985597
-0.629  0.0022343666
-0.6256  0.00234400549
-0.6222  0.00245902428
-0.6188  0.00257968698
-0.6154  0.00270627051
-0.612  0.00283906541
-0.6086  0.00297837647
-0.6052  0.00312452344
-0.6018  0.00327784173
-0.5984  0.00343868326
-0.595  0.00360741717
-0.5916  0.00378443074
-0.5882  0.00397013025
-0.5848  0.00416494192
-0.5814  0.00436931286
-0.578  0.00458371215
-0.5746  0.00480863187
-0.5712  0.00504458825
-0.5678  0.00529212286
-0.5644  0.00555180383
-0.561  0.00582422717
-0.5576  0.00611001814
-0.5542  0.00640983268
-0.5508  0.00672435893
-0.5474  0.00705431877
-0.544  0.00740046952
-0.5406  0.00776360567
-0.5372  0.00814456066
-0.5338  0.00854420886
-0.5304  0.00896346753
-0.527  0.00940329895
-0.5236  0.0098647126
-0.5202  0.0103487675
-0.5168  0.0108565747
-0.5134  0.0113892996
-0.51  0.011948165
-0.5066  0.0125344536
-0.5032  0.0131495109
-0.4998  0.0137947487
-0.4964  0.0144716479
-0.493  0.0151817621
-0.4896  0.0159267211
-0.4862  0.0167082348
-0.4828  0.0175280968
-0.4794  0.0183881889
-0.476  0.0192904851
-0.4726  0.0202370565
-0.4692  0.0212300754
-0.4658  0.0222718212
-0.4624  0.0233646847
-0.459  0.0245111743
-0.4556  0.0257139214
-0.4522  0.0269756865
-0.4488  0.0282993656
-0.4454  0.0296879968
-0.442  0.0311447671
-0.4386  0.0326730202
-0.4352  0.0342762637
-0.4318  0.0359581773
-0.4284  0.0377226212
-0.425  0.0395736453
-0.4216  0.0415154978
-0.4182  0.0435526358
-0.4148  0.0456897349
-0.4114  0.0479316999
-0.408  0.0502836767
-0.4046  0.0527510634
-0.4012  0.0553395232
-0.3978  0.058054997
-0.3944  0.0609037172
-0.391  0.0638922223
-0.3876  0.0670273714
-0.3842  0.0703163601
-0.3808  0.0737667374
-0.3774  0.0773864224
-0.374  0.0811837229
-0.3706  0.0851673544
-0.3672  0.0893464601
-0.3638  0.0937306318
-0.3604  0.0983299318
-0.357  0.103154917
-0.3536  0.10821666
-0.3502  0.11352678
-0.3468  0.119097464
-0.3434  0.124941498
-0.34  0.131072294
-0.3366  0.137503925
-0.3332  0.144251151
-0.3298  0.15132946
-0.3264  0.158755096
-0.323  0.166545104
-0.3196  0.174717362
-0.3162  0.183290627
-0.3128  0.192284577
-0.3094  0.201719854
-0.306  0.211618113
-0.3026  0.222002074
-0.2992  0.232895569
-0.2958  0.2443236
-0.2924  0.256312398
-0.289  0.268889478
-0.2856  0.282083706
-0.2822  0.295925367
-0.2788  0.310446229
-0.2754  0.32567962
-0.272  0.341660503
-0.2686  0.358425558
-0.2652  0.376013263
-0.2618  0.394463985
-0.2584  0.413820071
-0.255  0.434125948
-0.2516  0.455428221
-0.2482  0.477775783
-0.2448  0.501219924
-0.2414  0.525814454
-0.238  0.551615821
-0.2346  0.578683244
-0.2312  0.607078848
-0.2278  0.636867805
-0.2244  0.668118487
-0.221  0.700902619
-0.2176  0.735295446
-0.2142  0.771375907
-0.2125  0.79007472
-0.2125  0.260495838
-0.2091  0.299595302
-0.2057  0.341153769
-0.2023  0.385100068
-0.1989  0.431358941
-0.1955  0.47985117
-0.1921  0.53049371
-0.1887  0.583199836
-0.1853  0.637879287
-0.1819  0.694438423
-0.1785  0.752780388
-0.1751  0.812805268
-0.1717  0.87441027
-0.1683  0.937489896
-0.1649  1.00193612
-0.1615  1.06763857
-0.1581  1.13448475
-0.1547  1.20236016
-0.1513  1.27114858
-0.1479  1.3407322
-0.1445  1.41099186
-0.1411  1.48180723
-0.1377  1.55305706
-0.1343  1.62461931
-0.1309  1.69637144
-0.1275  1.76819057
-0.1241  1.83995372
-0.1207  1.91153797
-0.1173  1.98282076
-0.1139  2.05367999
-0.1105  2.12399433
-0.1071  2.19364336
-0.1037  2.26250781
-0.1003  2.33046974
-0.0968999999  2.39741277
-0.0934999999  2.46322225
-0.0900999999  2.52778549
-0.0866999999  2.59099193
-0.0832999999  2.65273331
-0.0798999999  2.71290391
-0.0764999999  2.77140069
-0.0730999999  2.82812346
-0.0696999999  2.88297509
-0.0662999999  2.93586165
-0.0628999999  2.98669256
-0.0594999999  3.03538077
-0.0560999999  3.08184292
-0.0526999999  3.12599942
-0.0492999999  3.16777466
-0.0458999999  3.20709711
-0.0424999999  3.24389941
-0.0390999999  3.27811855
-0.0356999999  3.30969593
-0.0322999999  3.33857746
-0.0288999999  3.36471369
-0.0254999999  3.38805986
-0.0220999999  3.40857599
-0.0186999999  3.42622694
-0.0152999999  3.44098249
-0.0118999999  3.45281737
-0.0084999999  3.46171131
-0.0050999999  3.46764907
-0.0016999999  3.4706205
0.0017000001  3.4706205
0.0051000001  3.46764907
0.0085000001  3.46171131
0.0119000001  3.45281737
0.0153000001  3.44098249
0.0187000001  3.42622694
0.0221000001  3.40857599
0.0255000001  3.38805986
0.0289000001  3.36471369
0.0323000001  3.33857746
0.0357000001  3.30969593
0.0391000001  3.27811855
0.0425000001  3.24389941
0.0459000001  3.20709711
0.0493000001  3.16777466
0.0527000001  3.12599942
0.0561000001  3.08184291
0.0595000001  3.03538077
0.0629000001  2.98669255
0.0663000001  2.93586164
0.0697000001  2.88297509
0.0731000001  2.82812346
0.0765000001  2.77140069
0.0799000001  2.71290391
0.0833000001  2.65273331
0.0867000001  2.59099193
0.0901000001  2.52778549
0.0935000001  2.46322225
0.0969000001  2.39741276
0.1003  2.33046973
0.1037  2.2625078
0.1071  2.19364336
0.1105  2.12399433
0.1139  2.05367999
0.1173  1.98282075
0.1207  1.91153797
0.1241  1.83995371
0.1275  1.76819057
0.1309  1.69637144
0.1343  1.62461931
0.1377  1.55305705
0.1411  1.48180723
0.1445  1.41099185
0.1479  1.34073219
0.1513  1.27114857
0.1547  1.20236016
0.1581  1.13448474
0.1615  1.06763857
0.1649  1.00193612
0.1683  0.937489892
0.1717  0.874410267
0.1751  0.812805264
0.1785  0.752780384
0.1819  0.69443842
0.1853  0.637879284
0.1887  0.583199833
0.1921  0.530493707
0.1955  0.479851167
0.1989  0.431358939
0.2023  0.385100065
0.2057  0.341153766
0.2091  0.2995953
0.2125  0.260495838
0.2125  0.79007472
0.2159  0.753119638
0.2193  0.717893099
0.2227  0.684314251
0.2261  0.652306026
0.2295  0.621794959
0.2329  0.592711022
0.2363  0.564987461
0.2397  0.538560647
0.2431  0.513369924
0.2465  0.489357477
0.2499  0.466468191
0.2533  0.444649533
0.2567  0.423851424
0.2601  0.40402613
0.2635  0.385128146
0.2669  0.3671141
0.2703  0.349942646
0.2737  0.333574373
0.2771  0.317971711
0.2805  0.303098851
0.2839  0.288921657
0.2873  0.275407589
0.2907  0.26252563
0.2941  0.250246214
0.2975  0.238541157
0.3009  0.227383595
0.3043  0.216747918
0.3077  0.206609716
0.3111  0.19694572
0.3145  0.187733749
0.3179  0.17895266
0.3213  0.1705823
0.3247  0.162603456
0.3281  0.154997816
0.3315  0.147747923
0.3349  0.140837138
0.3383  0.134249599
0.3417  0.127970186
0.3451  0.121984488
0.3485  0.116278766
0.3519  0.110839925
0.3553  0.10565548
0.3587  0.100713534
0.3621  0.0960027426
0.3655  0.0915122948
0.3689  0.087231884
0.3723  0.0831516859
0.3757  0.0792623355
0.3791  0.0755549063
0.3825  0.0720208889
0.3859  0.0686521723
0.3893  0.0654410245
0.3927  0.0623800755
0.3961  0.0594622998
0.3995  0.0566810006
0.4029  0.0540297944
0.4063  0.0515025961
0.4097  0.0490936054
0.4131  0.0467972932
0.4165  0.044608389
0.4199  0.0425218691
0.4233  0.0405329443
0.4267  0.0386370499
0.4301  0.0368298343
0.4335  0.0351071497
0.4369  0.0334650422
0.4403  0.0318997429
0.4437  0.0304076592
0.4471  0.0289853665
0.4505  0.0276296003
0.4539  0.0263372489
0.4573  0.0251053462
0.4607  0.0239310647
0.4641  0.0228117092
0.4675  0.0217447107
0.4709  0.0207276201
0.4743  0.019758103
0.4777  0.0188339343
0.4811  0.0179529929
0.4845  0.0171132567
0.4879  0.0163127985
0.4913  0.015549781
0.4947  0.014822453
0.4981  0.0141291452
0.5015  0.0134682663
0.5049  0.0128382995
0.5083  0.0122377988
0.5117  0.011665386
0.5151  0.0111197474
0.5185  0.0105996305
0.5219  0.0101038417
0.5253  0.00963124297
0.5287  0.00918074966
0.5321  0.0087513278
0.5355  0.00834199178
0.5389  0.00795180212
0.5423  0.00757986324
0.5457  0.0072253215
0.5491  0.00688736315
0.5525  0.00656521252
0.5559  0.00625813021
0.5593  0.00596541142
0.5627  0.00568638431
0.5661  0.00542040845
0.5695  0.00516687339
0.5729  0.00492519723
0.5763  0.00469482526
0.5797  0.00447522875
0.5831  0.00426590368
0.5865  0.00406636961
0.5899  0.00387616858
0.5933  0.00369486405
0.5967  0.00352203989
0.6001  0.00335729942
0.6035  0.00320026456
0.6069  0.00305057487
0.6103  0.00290788679
0.6137  0.00277187283
0.6171  0.0026422208
0.6205  0.00251863314
0.6239  0.00240082619
0.6273  0.00228852956
0.6307  0.00218148551
0.6341  0.00207944835
0.6375  0.0019821839
0.6409  0.00188946891
0.6443  0.00180109059
0.6477  0.00171684609
0.6511  0.00163654205
0.6545  0.00155999417
0.6579  0.00148702675
0.6613  0.00141747232
0.6647  0.00135117125
0.6681  0.00128797134
0.6715  0.00122772757
0.6749  0.00117030164
0.6783  0.00111556176
0.6817  0.0010633823
0.6851  0.00101364348
0.6885  0.000966231158
0.6919  0.000921036506
0.6953  0.000877955796
0.6987  0.000836890151
0.7021  0.000797745316
0.7055  0.000760431448
0.7089  0.000724862905
0.7123  0.000690958051
0.7157  0.000658639068
0.7191  0.000627831778
0.7225  0.000598465474
0.7259  0.000570472753
0.7293  0.000543789369
0.7327  0.000518354077
0.7361  0.0004941085
0.7395  0.00047099699
0.7429  0.000448966501
0.7463  0.000427966469
0.7497  0.000407948697
0.7531  0.000388867239
0.7565  0.0003706783
0.7599  0.000353340134
0.7633  0.000336812945
0.7667  0.000321058802
0.7701  0.000306041546
0.7735  0.00029172671
0.7769  0.000278081438
0.7803  0.000265074412
0.7837  0.000252675779
0.7871  0.000240857081
0.7905  0.000229591193
0.7939  0.000218852258
0.7973  0.000208615627
0.8007  0.000198857806
0.8041  0.000189556399
0.8075  0.000180690057
0.8109  0.000172238432
0.8143  0.000164182124
0.8177  0.000156502642
0.8211  0.000149182363
0.8245  0.000142204483
0.8279  0.000135552987
0.8313  0.00012921261
0.8347  0.000123168799
0.8381  0.000117407682
0.8415  0.000111916036
0.8449  0.000106681257
0.8483  0.000101691331
0.85  0.0000992845874
