-0.9  0.0000374806749
-0.8964  0.0000394912875
-0.8928  0.0000416097573
-0.8892  0.0000438418702
-0.8856  0.0000461937226
-0.882  0.0000486717377
-0.8784  0.0000512826834
-0.8748  0.0000540336906
-0.8712  0.0000569322727
-0.8676  0.0000599863464
-0.864  0.0000632042527
-0.8604  0.0000665947803
-0.8568  0.0000701671893
-0.8532  0.0000739312366
-0.8496  0.0000778972023
-0.846  0.0000820759182
-0.8424  0.0000864787971
-0.8388  0.0000911178638
-0.8352  0.0000960057886
-0.8316  0.000101155921
-0.828  0.000106582327
-0.8244  0.000112299827
-0.8208  0.000118324037
-0.8172  0.000124671409
-0.8136  0.00013135928
-0.81  0.000138405914
-0.8064  0.000145830558
-0.8028  0.00015365349
-0.7992  0.000161896074
-0.7956  0.000170580824
-0.792  0.000179731458
-0.7884  0.000189372969
-0.7848  0.000199531688
-0.7812  0.000210235362
-0.7776  0.000221513223
-0.774  0.000233396074
-0.7704  0.000245916368
-0.7668  0.000259108301
-0.7632  0.000273007901
-0.7596  0.000287653131
-0.756  0.00030308399
-0.7524  0.000319342621
-0.7488  0.00033647343
-0.7452  0.000354523204
-0.7416  0.000373541239
-0.738  0.000393579477
-0.7344  0.000414692647
-0.7308  0.00043693841
-0.7272  0.000460377525
-0.7236  0.000485074008
-0.72  0.000511095308
-0.7164  0.000538512494
-0.7128  0.000567400447
-0.7092  0.000597838065
-0.7056  0.000629908477
-0.702  0.000663699275
-0.6984  0.000699302745
-0.6948  0.000736816127
-0.6912  0.000776341875
-0.6876  0.000817987943
-0.684  0.000861868071
-0.6804  0.000908102104
-0.6768  0.000956816314
-0.6732  0.00100814375
-0.6696  0.00106222459
-0.666  0.00111920654
-0.6624  0.00117924524
-0.6588  0.00124250464
-0.6552  0.00130915754
-0.6516  0.00137938596
-0.648  0.00145338171
-0.6444  0.00153134689
-0.6408  0.00161349443
-0.6372  0.00170004869
-0.6336  0.00179124607
-0.63  0.00188733563
-0.6264  0.00198857983
-0.6228  0.00209525516
-0.6192  0.00220765299
-0.6156  0.00232608028
-0.612  0.00245086048
-0.6084  0.00258233439
-0.6048  0.00272086108
-0.6012  0.00286681889
-0.5976  0.00302060647
-0.594  0.00318264382
-0.5904  0.0033533735
-0.5868  0.00353326179
-0.5832  0.00372280002
-0.5796  0.00392250582
-0.576  0.00413292464
-0.5724  0.00435463117
-0.5688  0.00458823091
-0.5652  0.00483436187
-0.5616  0.00509369628
-0.558  0.00536694242
-0.5544  0.00565484657
-0.5508  0.00595819504
-0.5472  0.00627781633
-0.5436  0.00661458338
-0.54  0.00696941595
-0.5364  0.00734328316
-0.5328  0.00773720608
-0.5292  0.00815226061
-0.5256  0.0085895803
-0.522  0.00905035957
-0.5184  0.00953585687
-0.5148  0.0100473982
-0.5112  0.0105863806
-0.5076  0.0111542762
-0.504  0.0117526359
-0.5004  0.0123830941
-0.4968  0.0130473725
-0.4932  0.0137472855
-0.4896  0.0144847446
-0.486  0.015261764
-0.4824  0.0160804657
-0.4788  0.0169430859
-0.4752  0.0178519804
-0.4716  0.0188096317
-0.468  0.0198186552
-0.4644  0.0208818067
-0.4608  0.0220019899
-0.4572  0.0231822642
-0.4536  0.0244258531
-0.45  0.0257361531
-0.4464  0.0271167427
-0.4428  0.0285713927
-0.4392  0.0301040759
-0.4356  0.0317189783
-0.432  0.0334205105
-0.4284  0.0352133197
-0.4248  0.0371023023
-0.4212  0.0390926174
-0.4176  0.041189701
-0.414  0.0433992804
-0.4104  0.0457273905
-0.4068  0.0481803897
-0.4032  0.0507649775
-0.3996  0.0534882129
-0.396  0.0563575335
-0.3924  0.0593807759
-0.3888  0.062566197
-0.3852  0.0659224967
-0.3816  0.0694588418
-0.378  0.0731848905
-0.3744  0.0771108192
-0.3708  0.0812473504
-0.3672  0.0856057815
-0.3636  0.0901980163
-0.36  0.0950365968
-0.3564  0.100134738
-0.3528  0.105506364
-0.3492  0.111166145
-0.3456  0.117129539
-0.342  0.123412834
-0.3384  0.130033189
-0.3348  0.137008687
-0.3312  0.144358378
-0.3276  0.152102336
-0.324  0.160261711
-0.3204  0.168858787
-0.3168  0.177917044
-0.3132  0.187461222
-0.3096  0.197517388
-0.306  0.208113007
-0.3024  0.219277016
-0.2988  0.231039908
-0.2952  0.243433808
-0.2916  0.256492566
-0.288  0.270251848
-0.2844  0.284749233
-0.2808  0.300024315
-0.2772  0.316118813
-0.2736  0.333076684
-0.27  0.350944242
-0.2664  0.369770288
-0.2628  0.389606238
-0.2592  0.410506267
-0.2556  0.432527456
-0.252  0.45572995
-0.2484  0.480177118
-0.2448  0.505935729
-0.2412  0.533076135
-0.2376  0.56167246
-0.234  0.591802806
-0.2304  0.623549463
-0.2268  0.656999138
-0.225  0.674390965
-0.225  0.222353703
-0.2214  0.258881505
-0.2178  0.29794117
-0.2142  0.339463874
-0.2106  0.383376452
-0.207  0.429601529
-0.2034  0.478057655
-0.1998  0.528659449
-0.1962  0.581317748
-0.1926  0.635939767
-0.189  0.69242926
-0.1854  0.750686691
-0.1818  0.810609409
-0.1782  0.872091827
-0.1746  0.935025612
-0.171  0.999299872
-0.1674  1.06480135
-0.1638  1.13141464
-0.1602  1.19902236
-0.1566  1.26750539
-0.153  1.33674305
-0.1494  1.40661334
-0.1458  1.47699316
-0.1422  1.54775849
-0.1386  1.61878464
-0.135  1.68994646
-0.1314  1.76111856
-0.1278  1.83217553
-0.1242  1.90299218
-0.1206  1.9734437
-0.117  2.04340598
-0.1134  2.11275573
-0.1098  2.18137076
-0.1062  2.24913016
-0.1026  2.31591455
-0.0989999999  2.38160623
-0.0953999999  2.44608948
-0.0917999999  2.50925065
-0.0881999999  2.57097846
-0.0845999999  2.63116415
-0.0809999999  2.68970166
-0.0773999999  2.74648785
-0.0737999999  2.80142266
-0.0701999999  2.8544093
-0.0665999999  2.90535439
-0.0629999999  2.95416818
-0.0593999999  3.00076465
-0.0557999999  3.04506169
-0.0521999999  3.08698126
-0.0485999999  3.12644949
-0.0449999999  3.16339683
-0.0413999999  3.19775819
-0.0377999999  3.22947302
-0.0341999999  3.25848543
-0.0305999999  3.2847443
-0.0269999999  3.30820337
-0.0233999999  3.3288213
-0.0197999999  3.34656176
-0.0161999999  3.36139349
-0.0125999999  3.37329036
-0.0089999999  3.3822314
-0.0053999999  3.38820086
-0.0017999999  3.39118822
0.0018000001  3.39118822
0.0054000001  3.38820086
0.0090000001  3.3822314
0.0126000001  3.37329035
0.0162000001  3.36139349
0.0198000001  3.34656176
0.0234000001  3.3288213
0.0270000001  3.30820337
0.0306000001  3.2847443
0.0342000001  3.25848543
0.0378000001  3.22947302
0.0414000001  3.19775819
0.0450000001  3.16339683
0.0486000001  3.12644949
0.0522000001  3.08698126
0.0558000001  3.04506169
0.0594000001  3.00076465
0.0630000001  2.95416818
0.0666000001  2.90535439
0.0702000001  2.8544093
0.0738000001  2.80142266
0.0774000001  2.74648785
0.0810000001  2.68970166
0.0846000001  2.63116415
0.0882000001  2.57097846
0.0918000001  2.50925065
0.0954000001  2.44608947
0.0990000001  2.38160623
0.1026  2.31591454
0.1062  2.24913016
0.1098  2.18137076
0.1134  2.11275573
0.117  2.04340598
0.1206  1.9734437
0.1242  1.90299217
0.1278  1.83217553
0.1314  1.76111856
0.135  1.68994646
0.1386  1.61878464
0.1422  1.54775849
0.1458  1.47699316
0.1494  1.40661334
0.153  1.33674304
0.1566  1.26750538
0.1602  1.19902236
0.1638  1.13141464
0.1674  1.06480135
0.171  0.999299869
0.1746  0.935025608
0.1782  0.872091824
0.1818  0.810609405
0.1854  0.750686688
0.189  0.692429257
0.1926  0.635939764
0.1962  0.581317745
0.1998  0.528659446
0.2034  0.478057652
0.207  0.429601527
0.2106  0.38337645
0.2142  0.339463872
0.2178  0.297941168
0.2214  0.258881503
0.225  0.222353703
0.225  0.674390965
0.2286  0.640055824
0.2322  0.607468781
0.2358  0.576540836
0.2394  0.547187521
0.243  0.519328664
0.2466  0.492888181
0.2502  0.467793857
0.2538  0.443977156
0.2574  0.42137303
0.261  0.399919743
0.2646  0.379558704
0.2682  0.360234303
0.2718  0.341893761
0.2754  0.324486988
0.279  0.307966442
0.2826  0.292287004
0.2862  0.277405851
0.2898  0.263282338
0.2934  0.249877894
0.297  0.237155907
0.3006  0.225081633
0.3042  0.213622094
0.3078  0.202745992
0.3114  0.192423623
0.315  0.182626795
0.3186  0.173328751
0.3222  0.164504097
0.3258  0.15612873
0.3294  0.148179778
0.333  0.140635528
0.3366  0.133475378
0.3402  0.126679771
0.3438  0.120230147
0.3474  0.114108892
0.351  0.108299288
0.3546  0.102785466
0.3582  0.0975523689
0.3618  0.0925857033
0.3654  0.0878719047
0.369  0.0833980988
0.3726  0.079152067
0.3762  0.0751222126
0.3798  0.0712975294
0.3834  0.0676675716
0.387  0.0642224252
0.3906  0.0609526808
0.3942  0.0578494084
0.3978  0.0549041322
0.4014  0.0521088084
0.405  0.0494558024
0.4086  0.0469378683
0.4122  0.0445481294
0.4158  0.0422800588
0.4194  0.0401274621
0.423  0.0380844601
0.4266  0.0361454731
0.4302  0.0343052054
0.4338  0.0325586308
0.4374  0.0309009793
0.441  0.0293277236
0.4446  0.0278345666
0.4482  0.0264174305
0.4518  0.0250724448
0.4554  0.0237959361
0.459  0.0225844181
0.4626  0.0214345818
0.4662  0.020343287
0.4698  0.019307553
0.4734  0.0183245511
0.477  0.0173915967
0.4806  0.0165061416
0.4842  0.0156657675
0.4878  0.0148681792
0.4914  0.0141111983
0.495  0.0133927575
0.4986  0.0127108946
0.5022  0.0120637472
0.5058  0.0114495479
0.5094  0.0108666192
0.513  0.010313369
0.5166  0.00978828639
0.5202  0.00928993719
0.5238  0.00881696035
0.5274  0.0083680641
0.531  0.00794202241
0.5346  0.00753767171
0.5382  0.00715390764
0.5418  0.00678968207
0.5454  0.00644400026
0.549  0.00611591807
0.5526  0.00580453948
0.5562  0.00550901404
0.5598  0.00522853464
0.5634  0.00496233523
0.567  0.00470968879
0.5706  0.00446990528
0.5742  0.00424232983
0.5778  0.00402634088
0.5814  0.00382134854
0.585  0.00362679293
0.5886  0.0034421427
0.5922  0.00326689353
0.5958  0.00310056679
0.5994  0.00294270822
0.603  0.00279288666
0.6066  0.00265069294
0.6102  0.00251573871
0.6138  0.00238765537
0.6174  0.00226609312
0.621  0.00215071995
0.6246  0.00204122074
0.6282  0.00193729645
0.6318  0.00183866324
0.6354  0.00174505172
0.639  0.00165620623
0.6426  0.00157188411
0.6462  0.00149185507
0.6498  0.00141590053
0.6534  0.00134381305
0.657  0.00127539575
0.6606  0.00121046176
0.6642  0.00114883375
0.6678  0.00109034339
0.6714  0.00103483094
0.675  0.000982144786
0.6786  0.000932141032
0.6822  0.000884683109
0.6858  0.000839641403
0.6894  0.000796892897
0.693  0.000756320838
0.6966  0.000717814417
0.7002  0.000681268465
0.7038  0.000646583171
0.7074  0.000613663803
0.711  0.000582420452
0.7146  0.000552767788
0.7182  0.000524624825
0.7218  0.000497914699
0.7254  0.000472564461
0.729  0.000448504875
0.7326  0.00042567023
0.7362  0.000403998161
0.7398  0.000383429478
0.7434  0.000363908005
0.747  0.000345380424
0.7506  0.000327796135
0.7542  0.000311107112
0.7578  0.000295267774
0.7614  0.000280234861
0.765  0.000265967315
0.7686  0.000252426171
0.7722  0.000239574445
0.7758  0.000227377036
0.7794  0.000215800631
0.783  0.000204813614
0.7866  0.000194385977
0.7902  0.00018448924
0.7938  0.000175096373
0.7974  0.000166181724
0.801  0.000157720945
0.8046  0.000149690928
0.8082  0.000142069742
0.8118  0.000134836572
0.8154  0.000127971663
0.819  0.000121456265
0.8226  0.000115272585
0.8262  0.000109403733
0.8298  0.000103833682
0.8334  0.0000985472168
0.837  0.0000935299007
0.8406  0.0000887680303
0.8442  0.0000842486002
0.8478  0.0000799592669
0.8514  0.0000758883157
0.855  0.0000720246281
0.8586  0.0000683576516
0.8622  0.0000648773713
0.8658  0.0000615742818
0.8694  0.0000584393619
0.873  0.0000554640495
0.8766  0.0000526402187
0.8802  0.0000499601571
0.8838  0.000047416545
0.8874  0.0000450024353
0.891  0.0000427112347
0.8946  0.0000405366856
0.8982  0.0000384728489
0.9  0.0000374806749
