-0.95  0.0000143311454
-0.9462  0.0000151652069
-0.9424  0.0000160478102
-0.9386  0.0000169817803
-0.9348  0.0000179701067
-0.931  0.0000190159529
-0.9272  0.0000201226666
-0.9234  0.0000212937901
-0.9196  0.0000225330721
-0.9158  0.0000238444794
-0.912  0.0000252322096
-0.9082  0.0000267007045
-0.9044  0.0000282546648
-0.9006  0.0000298990643
-0.8968  0.0000316391666
-0.893  0.0000334805415
-0.8892  0.0000354290829
-0.8854  0.000037491028
-0.8816  0.0000396729767
-0.8778  0.0000419819131
-0.874  0.0000444252278
-0.8702  0.0000470107415
-0.8664  0.0000497467301
-0.8626  0.0000526419511
-0.8588  0.0000557056717
-0.855  0.0000589476984
-0.8512  0.0000623784086
-0.8474  0.0000660087835
-0.8436  0.0000698504434
-0.8398  0.0000739156849
-0.836  0.0000782175202
-0.8322  0.0000827697191
-0.8284  0.0000875868524
-0.8246  0.0000926843391
-0.8208  0.0000980784955
-0.817  0.000103786588
-0.8132  0.000109826886
-0.8094  0.000116218726
-0.8056  0.000122982565
-0.8018  0.000130140055
-0.798  0.000137714105
-0.7942  0.000145728959
-0.7904  0.000154210271
-0.7866  0.000163185189
-0.7828  0.00017268244
-0.779  0.000182732423
-0.7752  0.000193367308
-0.7714  0.000204621135
-0.7676  0.000216529926
-0.7638  0.000229131799
-0.76  0.000242467092
-0.7562  0.000256578488
-0.7524  0.000271511157
-0.7486  0.000287312895
-0.7448  0.000304034282
-0.741  0.00032172884
-0.7372  0.000340453209
-0.7334  0.000360267321
-0.7296  0.000381234599
-0.7258  0.000403422156
-0.722  0.000426901012
-0.7182  0.000451746318
-0.7144  0.000478037603
-0.7106  0.00050585902
-0.7068  0.000535299621
-0.703  0.000566453643
-0.6992  0.000599420804
-0.6954  0.000634306629
-0.6916  0.000671222781
-0.6878  0.000710287425
-0.684  0.000751625601
-0.6802  0.000795369626
-0.6764  0.00084165952
-0.6726  0.00089064345
-0.6688  0.000942478206
-0.665  0.000997329704
-0.6612  0.00105537352
-0.6574  0.00111679544
-0.6536  0.00118179206
-0.6498  0.00125057144
-0.646  0.00132335373
-0.6422  0.00140037188
-0.6384  0.00148187244
-0.6346  0.00156811626
-0.6308  0.00165937941
-0.627  0.001755954
-0.6232  0.00185814916
-0.6194  0.00196629199
-0.6156  0.00208072866
-0.6118  0.00220182545
-0.608  0.00232996997
-0.6042  0.00246557241
-0.6004  0.00260906681
-0.5966  0.00276091247
-0.5928  0.00292159543
-0.589  0.00309163001
-0.5852  0.00327156047
-0.5814  0.00346196275
-0.5776  0.00366344629
-0.5738  0.00387665601
-0.57  0.00410227438
-0.5662  0.00434102356
-0.5624  0.00459366775
-0.5586  0.00486101564
-0.5548  0.00514392297
-0.551  0.00544329529
-0.5472  0.00576009084
-0.5434  0.00609532365
-0.5396  0.00645006675
-0.5358  0.00682545561
-0.532  0.00722269182
-0.5282  0.00764304687
-0.5244  0.00808786625
-0.5206  0.00855857378
-0.5168  0.00905667612
-0.513  0.00958376763
-0.5092  0.0101415354
-0.5054  0.0107317649
-0.5016  0.0113563453
-0.4978  0.0120172758
-0.494  0.0127166719
-0.4902  0.0134567723
-0.4864  0.014239946
-0.4826  0.0150686997
-0.4788  0.0159456863
-0.475  0.0168737129
-0.4712  0.0178557499
-0.4674  0.0188949406
-0.4636  0.0199946115
-0.4598  0.0211582823
-0.456  0.0223896779
-0.4522  0.0236927397
-0.4484  0.0250716387
-0.4446  0.0265307886
-0.4408  0.0280748599
-0.437  0.0297087949
-0.4332  0.0314378236
-0.4294  0.0332674805
-0.4256  0.035203622
-0.4218  0.0372524455
-0.418  0.0394205088
-0.4142  0.0417147518
-0.4104  0.0441425179
-0.4066  0.0467115781
-0.4028  0.0494301556
-0.399  0.0523069522
-0.3952  0.0553511761
-0.3914  0.0585725716
-0.3876  0.0619814497
-0.3838  0.0655887218
-0.38  0.0694059344
-0.3762  0.0734453058
-0.3724  0.0777197655
-0.3686  0.0822429954
-0.3648  0.0870294738
-0.361  0.0920945215
-0.3572  0.097454351
-0.3534  0.103126118
-0.3496  0.109127978
-0.3458  0.115479142
-0.342  0.122199938
-0.3382  0.129311879
-0.3344  0.13683773
-0.3306  0.14480158
-0.3268  0.153228919
-0.323  0.162146723
-0.3192  0.171583536
-0.3154  0.181569565
-0.3116  0.192136772
-0.3078  0.203318983
-0.304  0.215151989
-0.3002  0.227673668
-0.2964  0.240924098
-0.2926  0.254945693
-0.2888  0.269783334
-0.285  0.285484515
-0.2812  0.302099491
-0.2774  0.319681447
-0.2736  0.338286658
-0.2698  0.357974679
-0.266  0.378808527
-0.2622  0.400854889
-0.2584  0.424184331
-0.2546  0.448871529
-0.2508  0.474995503
-0.247  0.502639872
-0.2432  0.531893122
-0.2394  0.562848888
-0.2375  0.578995956
-0.2375  0.190900978
-0.2337  0.224962599
-0.2299  0.261599673
-0.2261  0.300746048
-0.2223  0.342331038
-0.2185  0.386279559
-0.2147  0.432512254
-0.2109  0.480945646
-0.2071  0.531492281
-0.2033  0.584060891
-0.1995  0.638556557
-0.1957  0.69488088
-0.1919  0.752932159
-0.1881  0.812605576
-0.1843  0.873793382
-0.1805  0.936385096
-0.1767  1.0002677
-0.1729  1.06532585
-0.1691  1.13144206
-0.1653  1.19849697
-0.1615  1.26636949
-0.1577  1.33493707
-0.1539  1.40407591
-0.1501  1.47366116
-0.1463  1.54356718
-0.1425  1.61366775
-0.1387  1.68383629
-0.1349  1.7539461
-0.1311  1.8238706
-0.1273  1.89348351
-0.1235  1.96265916
-0.1197  2.03127262
-0.1159  2.09920002
-0.1121  2.1663187
-0.1083  2.23250747
-0.1045  2.29764682
-0.1007  2.36161913
-0.0968999999  2.42430888
-0.0930999999  2.4856029
-0.0892999999  2.54539049
-0.0854999999  2.60356372
-0.0816999999  2.66001753
-0.0778999999  2.71465
-0.0740999999  2.76736247
-0.0702999999  2.81805978
-0.0664999999  2.86665037
-0.0626999999  2.91304652
-0.0588999999  2.95716444
-0.0550999999  2.99892448
-0.0512999999  3.03825124
-0.0474999999  3.0750737
-0.0436999999  3.10932539
-0.0398999999  3.14094444
-0.0360999999  3.16987377
-0.0322999999  3.19606115
-0.0284999999  3.21945929
-0.0246999999  3.24002594
-0.0208999999  3.25772396
-0.0170999999  3.27252141
-0.0132999999  3.28439156
-0.0094999999  3.29331297
-0.0056999999  3.29926954
-0.0018999999  3.30225052
0.0019000001  3.30225052
0.0057000001  3.29926954
0.0095000001  3.29331297
0.0133000001  3.28439156
0.0171000001  3.27252141
0.0209000001  3.25772396
0.0247000001  3.24002594
0.0285000001  3.21945929
0.0323000001  3.19606115
0.0361000001  3.16987377
0.0399000001  3.14094444
0.0437000001  3.10932538
0.0475000001  3.0750737
0.0513000001  3.03825124
0.0551000001  2.99892448
0.0589000001  2.95716444
0.0627000001  2.91304651
0.0665000001  2.86665037
0.0703000001  2.81805977
0.0741000001  2.76736247
0.0779000001  2.71464999
0.0817000001  2.66001753
0.0855000001  2.60356372
0.0893000001  2.54539049
0.0931000001  2.4856029
0.0969000001  2.42430888
0.1007  2.36161912
0.1045  2.29764682
0.1083  2.23250747
0.1121  2.1663187
0.1159  2.09920002
0.1197  2.03127262
0.1235  1.96265915
0.1273  1.89348351
0.1311  1.82387059
0.1349  1.7539461
0.1387  1.68383629
0.1425  1.61366775
0.1463  1.54356718
0.1501  1.47366116
0.1539  1.40407591
0.1577  1.33493707
0.1615  1.26636949
0.1653  1.19849697
0.1691  1.13144206
0.1729  1.06532584
0.1767  1.0002677
0.1805  0.936385092
0.1843  0.873793379
0.1881  0.812605572
0.1919  0.752932156
0.1957  0.694880877
0.1995  0.638556554
0.2033  0.584060888
0.2071  0.531492278
0.2109  0.480945643
0.2147  0.432512252
0.2185  0.386279556
0.2223  0.342331036
0.2261  0.300746045
0.2299  0.261599671
0.2337  0.224962597
0.2375  0.190900978
0.2375  0.578995956
0.2413  0.547152127
0.2451  0.517059657
0.2489  0.488622224
0.2527  0.461748803
0.2565  0.436353376
0.2603  0.412354655
0.2641  0.389675825
0.2679  0.368244294
0.2717  0.347991461
0.2755  0.328852502
0.2793  0.310766153
0.2831  0.293674524
0.2869  0.277522907
0.2907  0.262259602
0.2945  0.247835754
0.2983  0.234205194
0.3021  0.221324292
0.3059  0.209151819
0.3097  0.197648812
0.3135  0.186778451
0.3173  0.176505943
0.3211  0.166798405
0.3249  0.157624766
0.3287  0.148955663
0.3325  0.140763345
0.3363  0.133021592
0.3401  0.125705623
0.3439  0.11879202
0.3477  0.112258653
0.3515  0.106084611
0.3553  0.100250132
0.3591  0.0947365387
0.3629  0.0895261844
0.3667  0.0846023911
0.3705  0.0799493983
0.3743  0.0755523124
0.3781  0.0713970591
0.3819  0.0674703379
0.3857  0.06375958
0.3895  0.0602529076
0.3933  0.0569390965
0.3971  0.0538075395
0.4009  0.0508482131
0.4047  0.0480516447
0.4085  0.045408883
0.4123  0.0429114689
0.4161  0.0405514085
0.4199  0.0383211475
0.4237  0.0362135472
0.4275  0.0342218615
0.4313  0.0323397152
0.4351  0.0305610839
0.4389  0.0288802744
0.4427  0.0272919066
0.4465  0.0257908965
0.4503  0.0243724395
0.4541  0.0230319953
0.4579  0.0217652733
0.4617  0.020568219
0.4655  0.0194370006
0.4693  0.0183679975
0.4731  0.0173577877
0.4769  0.0164031379
0.4807  0.0155009922
0.4845  0.014648463
0.4883  0.0138428216
0.4921  0.0130814891
0.4959  0.0123620286
0.4997  0.0116821373
0.5035  0.0110396389
0.5073  0.0104324769
0.5111  0.00985870775
0.5149  0.00931649499
0.5187  0.00880410304
0.5225  0.00831989181
0.5263  0.0078623114
0.5301  0.00742989716
0.5339  0.007021265
0.5377  0.00663510693
0.5415  0.00627018693
0.5453  0.00592533693
0.5491  0.00559945311
0.5529  0.00529149237
0.5567  0.00500046897
0.5605  0.00472545137
0.5643  0.00446555929
0.5681  0.00421996085
0.5719  0.00398786993
0.5757  0.00376854362
0.5795  0.0035612799
0.5833  0.00336541534
0.5871  0.00318032302
0.5909  0.00300541046
0.5947  0.00284011782
0.5985  0.00268391599
0.6023  0.00253630501
0.6061  0.0023968124
0.6099  0.00226499164
0.6137  0.00214042082
0.6175  0.00202270118
0.6213  0.00191145593
0.6251  0.00180632899
0.6289  0.00170698386
0.6327  0.00161310254
0.6365  0.00152438455
0.6403  0.0014405459
0.6441  0.00136131823
0.6479  0.00128644796
0.6517  0.00121569544
0.6555  0.00114883418
0.6593  0.00108565018
0.6631  0.0010259412
0.6669  0.000969516119
0.6707  0.000916194322
0.6745  0.000865805136
0.6783  0.000818187273
0.6821  0.000773188315
0.6859  0.000730664225
0.6897  0.00069047889
0.6935  0.000652503684
0.6973  0.000616617051
0.7011  0.000582704124
0.7049  0.000550656352
0.7087  0.000520371156
0.7125  0.000491751595
0.7163  0.000464706064
0.7201  0.000439147992
0.7239  0.000414995573
0.7277  0.000392171497
0.7315  0.000370602707
0.7353  0.000350220166
0.7391  0.000330958631
0.7429  0.000312756449
0.7467  0.000295555357
0.7505  0.000279300297
0.7543  0.000263939239
0.7581  0.000249423013
0.7619  0.000235705156
0.7657  0.000222741759
0.7695  0.000210491328
0.7733  0.00019891465
0.7771  0.00018797467
0.7809  0.000177636371
0.7847  0.000167866662
0.7885  0.000158634271
0.7923  0.000149909646
0.7961  0.000141664861
0.7999  0.000133873526
0.8037  0.000126510702
0.8075  0.000119552821
0.8113  0.000112977612
0.8151  0.000106764028
0.8189  0.000100892182
0.8227  0.0000953432771
0.8265  0.0000900995531
0.8303  0.0000851442254
0.8341  0.0000804614326
0.8379  0.0000760361857
0.8417  0.0000718543202
0.8455  0.0000679024504
0.8493  0.0000641679269
0.8531  0.0000606387962
0.8569  0.0000573037618
0.8607  0.0000541521488
0.8645  0.0000511738694
0.8683  0.0000483593905
0.8721  0.0000456997033
0.8759  0.0000431862946
0.8797  0.0000408111192
0.8835  0.0000385665745
0.8873  0.0000364454762
0.8911  0.0000344410347
0.8949  0.0000325468343
0.8987  0.0000307568118
0.9025  0.0000290652375
0.9063  0.0000274666971
0.9101  0.0000259560738
0.9139  0.0000245285323
0.9177  0.0000231795032
0.9215  0.0000219046686
0.9253  0.0000206999477
0.9291  0.0000195614845
0.9329  0.000018485635
0.9367  0.0000174689553
0.9405  0.0000165081914
0.9443  0.000015600268
0.9481  0.0000147422788
0.95  0.0000143311454
