-1  0.00000555143447
-0.996  0.00000589970079
-0.992  0.00000626981542
-0.988  0.00000666314899
-0.984  0.00000708115813
-0.98  0.00000752539086
-0.976  0.0000079974923
-0.972  0.00000849921077
-0.968  0.00000903240428
-0.964  0.00000959904741
-0.96  0.0000102012386
-0.956  0.0000108412079
-0.952  0.0000115213254
-0.948  0.0000122441097
-0.944  0.0000130122375
-0.94  0.0000138285533
-0.936  0.0000146960804
-0.932  0.0000156180312
-0.928  0.0000165978202
-0.924  0.0000176390757
-0.92  0.0000187456538
-0.916  0.0000199216526
-0.912  0.000021171427
-0.908  0.0000224996053
-0.904  0.0000239111062
-0.9  0.0000254111569
-0.896  0.0000270053124
-0.892  0.0000286994765
-0.888  0.000030499923
-0.884  0.0000324133196
-0.88  0.0000344467522
-0.876  0.0000366077511
-0.872  0.0000389043191
-0.868  0.000041344961
-0.864  0.0000439387154
-0.86  0.0000466951876
-0.856  0.0000496245856
-0.852  0.0000527377579
-0.848  0.0000560462334
-0.844  0.0000595622643
-0.84  0.0000632988716
-0.836  0.000067269893
-0.832  0.0000714900344
-0.828  0.0000759749241
-0.824  0.0000807411709
-0.82  0.0000858064258
-0.816  0.0000911894468
-0.812  0.0000969101687
-0.808  0.000102989777
-0.804  0.000109450787
-0.8  0.000116317124
-0.796  0.000123614218
-0.792  0.000131369091
-0.788  0.000139610461
-0.784  0.00014836885
-0.78  0.000157676692
-0.776  0.000167568456
-0.772  0.000178080775
-0.768  0.000189252579
-0.764  0.00020112524
-0.76  0.000213742726
-0.756  0.000227151763
-0.752  0.00024140201
-0.748  0.000256546238
-0.744  0.000272640531
-0.74  0.000289744491
-0.736  0.000307921459
-0.732  0.00032723875
-0.728  0.000347767901
-0.724  0.000369584937
-0.72  0.000392770653
-0.716  0.000417410914
-0.712  0.000443596968
-0.708  0.00047142579
-0.704  0.000501000439
-0.7  0.000532430438
-0.696  0.000565832181
-0.692  0.000601329365
-0.688  0.000639053446
-0.684  0.000679144128
-0.68  0.000721749877
-0.676  0.000767028476
-0.672  0.000815147604
-0.668  0.00086628546
-0.664  0.000920631422
-0.66  0.00097838675
-0.656  0.00103976533
-0.652  0.00110499446
-0.648  0.0011743157
-0.644  0.00124798578
-0.64  0.00132627751
-0.636  0.00140948084
-0.632  0.00149790387
-0.628  0.00159187408
-0.624  0.00169173947
-0.62  0.00179786985
-0.616  0.00191065827
-0.612  0.00203052241
-0.608  0.00215790617
-0.604  0.00229328128
-0.6  0.00243714907
-0.596  0.00259004233
-0.592  0.00275252728
-0.588  0.00292520563
-0.584  0.00310871686
-0.58  0.00330374058
-0.576  0.00351099901
-0.572  0.00373125968
-0.568  0.00396533829
-0.564  0.0042141017
-0.56  0.00447847116
-0.556  0.00475942569
-0.552  0.00505800575
-0.548  0.00537531708
-0.544  0.00571253477
-0.54  0.00607090763
-0.536  0.00645176283
-0.532  0.00685651078
-0.528  0.00728665037
-0.524  0.00774377455
-0.52  0.00822957617
-0.516  0.0087458543
-0.512  0.00929452086
-0.508  0.00987760774
-0.504  0.0104972743
-0.5  0.0111558152
-0.496  0.0118556694
-0.492  0.0125994286
-0.488  0.0133898471
-0.484  0.0142298522
-0.48  0.0151225544
-0.476  0.0160712599
-0.472  0.017079482
-0.468  0.0181509543
-0.464  0.0192896449
-0.46  0.0204997706
-0.456  0.0217858129
-0.452  0.0231525344
-0.448  0.0246049965
-0.444  0.026148578
-0.44  0.0277889952
-0.436  0.0295323232
-0.432  0.031385018
-0.428  0.0333539406
-0.424  0.0354463825
-0.42  0.0376700926
-0.416  0.0400333061
-0.412  0.0425447745
-0.408  0.0452137985
-0.404  0.0480502623
-0.4  0.0510646703
-0.396  0.0542681855
-0.392  0.0576726715
-0.388  0.0612907362
-0.384  0.0651357783
-0.38  0.0692220371
-0.376  0.0735646452
-0.372  0.0781796845
-0.368  0.0830842458
-0.364  0.0882964923
-0.36  0.0938357262
-0.356  0.0997224611
-0.352  0.105978497
-0.348  0.112627003
-0.344  0.119692598
-0.34  0.12720145
-0.336  0.135181366
-0.332  0.143661898
-0.328  0.152674452
-0.324  0.162252403
-0.32  0.172431222
-0.316  0.183248604
-0.312  0.194744609
-0.308  0.20696181
-0.304  0.21994545
-0.3  0.233743612
-0.296  0.248407395
-0.292  0.263991102
-0.288  0.280552445
-0.284  0.298152755
-0.28  0.316857211
-0.276  0.336735081
-0.272  0.357859979
-0.268  0.380310137
-0.264  0.404168693
-0.26  0.429524003
-0.256  0.456469965
-0.252  0.485106368
-0.25  0.500091369
-0.25  0.164885317
-0.246  0.19663174
-0.242  0.230974768
-0.238  0.267851065
-0.234  0.30719262
-0.23  0.348926875
-0.226  0.392976862
-0.222  0.439261339
-0.218  0.487694946
-0.214  0.538188358
-0.21  0.590648449
-0.206  0.64497847
-0.202  0.70107822
-0.198  0.758844236
-0.194  0.818169981
-0.19  0.878946043
-0.186  0.941060332
-0.182  1.00439829
-0.178  1.06884311
-0.174  1.13427594
-0.17  1.20057609
-0.166  1.2676213
-0.162  1.33528791
-0.158  1.40345112
-0.154  1.47198523
-0.15  1.54076384
-0.146  1.6096601
-0.142  1.67854694
-0.138  1.74729733
-0.134  1.81578446
-0.13  1.88388203
-0.126  1.95146445
-0.122  2.01840706
-0.118  2.08458643
-0.114  2.14988048
-0.11  2.21416881
-0.106  2.27733283
-0.102  2.33925608
-0.0979999999  2.39982433
-0.0939999999  2.45892588
-0.0899999999  2.51645174
-0.0859999999  2.5722958
-0.0819999999  2.62635509
-0.0779999999  2.6785299
-0.0739999999  2.72872399
-0.0699999999  2.77684481
-0.0659999999  2.82280361
-0.0619999999  2.86651561
-0.0579999999  2.90790021
-0.0539999999  2.94688108
-0.0499999999  2.98338633
-0.0459999999  3.01734863
-0.0419999999  3.04870534
-0.0379999999  3.07739865
-0.0339999999  3.10337562
-0.0299999999  3.12658835
-0.0259999999  3.14699403
-0.0219999999  3.16455502
-0.0179999999  3.17923894
-0.0139999999  3.19101871
-0.0099999999  3.1998726
-0.0059999999  3.20578427
-0.0019999999  3.20874284
0.0020000001  3.20874284
0.0060000001  3.20578427
0.0100000001  3.1998726
0.0140000001  3.19101871
0.0180000001  3.17923894
0.0220000001  3.16455502
0.0260000001  3.14699403
0.0300000001  3.12658835
0.0340000001  3.10337562
0.0380000001  3.07739865
0.0420000001  3.04870534
0.0460000001  3.01734862
0.0500000001  2.98338632
0.0540000001  2.94688108
0.0580000001  2.90790021
0.0620000001  2.86651561
0.0660000001  2.8228036
0.0700000001  2.77684481
0.0740000001  2.72872399
0.0780000001  2.67852989
0.0820000001  2.62635509
0.0860000001  2.5722958
0.0900000001  2.51645173
0.0940000001  2.45892588
0.0980000001  2.39982432
0.102  2.33925607
0.106  2.27733283
0.11  2.2141688
0.114  2.14988048
0.118  2.08458642
0.122  2.01840706
0.126  1.95146444
0.13  1.88388203
0.134  1.81578446
0.138  1.74729733
0.142  1.67854694
0.146  1.60966009
0.15  1.54076384
0.154  1.47198523
0.158  1.40345112
0.162  1.3352879
0.166  1.2676213
0.17  1.20057609
0.174  1.13427594
0.178  1.06884311
0.182  1.00439829
0.186  0.941060329
0.19  0.87894604
0.194  0.818169978
0.198  0.758844233
0.202  0.701078217
0.206  0.644978467
0.21  0.590648446
0.214  0.538188355
0.218  0.487694944
0.222  0.439261337
0.226  0.39297686
0.23  0.348926873
0.234  0.307192618
0.238  0.267851063
0.242  0.230974767
0.246  0.196631738
0.25  0.164885317
0.25  0.500091369
0.254  0.470570384
0.258  0.442792057
0.262  0.416653518
0.266  0.392057967
0.27  0.368914322
0.274  0.347136873
0.278  0.326644972
0.282  0.307362733
0.286  0.289218747
0.29  0.272145822
0.294  0.256080732
0.298  0.240963983
0.302  0.226739594
0.306  0.213354888
0.31  0.200760296
0.314  0.188909178
0.318  0.177757646
0.322  0.167264402
0.326  0.157390586
0.33  0.148099634
0.334  0.139357137
0.338  0.13113072
0.342  0.123389919
0.346  0.116106066
0.35  0.109252187
0.354  0.102802901
0.358  0.0967343243
0.362  0.0910239827
0.366  0.0856507293
0.37  0.0805946653
0.374  0.0758370669
0.378  0.0713603151
0.382  0.0671478312
0.386  0.0631840153
0.39  0.0594541881
0.394  0.055944537
0.398  0.0526420647
0.402  0.0495345414
0.406  0.0466104588
0.41  0.0438589882
0.414  0.0412699402
0.418  0.0388337268
0.422  0.036541326
0.426  0.0343842482
0.43  0.0323545054
0.434  0.0304445806
0.438  0.028647401
0.442  0.026956311
0.446  0.0253650481
0.45  0.0238677193
0.454  0.0224587796
0.458  0.0211330112
0.462  0.0198855046
0.466  0.0187116397
0.47  0.0176070695
0.474  0.0165677033
0.478  0.0155896922
0.482  0.0146694142
0.486  0.0138034613
0.49  0.0129886267
0.494  0.0122218926
0.498  0.0115004199
0.502  0.0108215365
0.506  0.0101827284
0.51  0.00958162985
0.514  0.0090160149
0.518  0.00848378887
0.522  0.00798298078
0.526  0.00751173597
0.53  0.00706830931
0.534  0.00665105864
0.538  0.00625843878
0.542  0.00588899573
0.546  0.00554136134
0.55  0.00521424823
0.554  0.00490644498
0.558  0.00461681173
0.562  0.00434427587
0.566  0.00408782812
0.57  0.00384651879
0.574  0.00361945423
0.578  0.00340579357
0.582  0.00320474554
0.586  0.00301556562
0.59  0.00283755321
0.594  0.00267004909
0.598  0.00251243293
0.602  0.00236412104
0.606  0.00222456418
0.61  0.00209324552
0.614  0.00196967876
0.618  0.00185340629
0.622  0.00174399753
0.626  0.00164104729
0.63  0.00154417432
0.634  0.00145301989
0.638  0.0013672464
0.642  0.00128653623
0.646  0.00121059047
0.65  0.00113912788
0.654  0.00107188382
0.658  0.00100860925
0.662  0.00094906985
0.666  0.000893045133
0.67  0.000840327622
0.674  0.000790722088
0.678  0.000744044827
0.682  0.000700122981
0.686  0.000658793892
0.69  0.000619904509
0.694  0.000583310812
0.698  0.000548877285
0.702  0.000516476409
0.706  0.000485988195
0.71  0.000457299737
0.714  0.000430304792
0.718  0.000404903391
0.722  0.000381001465
0.726  0.000358510497
0.73  0.000337347199
0.734  0.000317433194
0.738  0.000298694737
0.742  0.000281062433
0.746  0.000264470985
0.75  0.00024885895
0.754  0.000234168512
0.758  0.000220345267
0.762  0.000207338025
0.766  0.000195098616
0.77  0.000183581714
0.774  0.000172744668
0.778  0.000162547346
0.782  0.000152951984
0.786  0.000143923047
0.79  0.000135427099
0.794  0.000127432677
0.798  0.000119910176
0.802  0.000112831736
0.806  0.000106171145
0.81  0.0000999037368
0.814  0.0000940063009
0.818  0.0000884569977
0.822  0.0000832352765
0.826  0.0000783217996
0.83  0.0000736983711
0.834  0.000069347869
0.838  0.0000652541822
0.842  0.0000614021506
0.846  0.000057777509
0.85  0.0000543668343
0.854  0.0000511574957
0.858  0.0000481376082
0.862  0.0000452959882
0.866  0.0000426221124
0.87  0.0000401060787
0.874  0.0000377385694
0.878  0.000035510817
0.882  0.0000334145714
0.886  0.0000314420697
0.89  0.0000295860071
0.894  0.0000278395101
0.898  0.0000261961109
0.902  0.0000246497235
0.906  0.0000231946211
0.91  0.0000218254152
0.914  0.0000205370351
0.918  0.0000193247096
0.922  0.0000181839491
0.926  0.0000171105291
0.93  0.0000161004743
0.934  0.0000151500442
0.938  0.0000142557192
0.942  0.0000134141872
0.946  0.0000126223319
0.95  0.0000118772207
0.954  0.0000111760943
0.958  0.0000105163562
0.962  0.00000989556327
0.966  0.00000931141646
0.97  0.00000876175252
0.974  0.0000082445359
0.978  0.00000775785119
0.982  0.00000729989605
0.986  0.00000686897455
0.99  0.00000646349085
0.994  0.00000608194334
0.998  0.00000572291902
1  0.00000555143447
