-1.05  0.0000021779577
-1.0458  0.00000232442684
-1.0416  0.00000248074614
-1.0374  0.00000264757801
-1.0332  0.00000282562945
-1.029  0.00000301565496
-1.0248  0.00000321845982
-1.0206  0.00000343490345
-1.0164  0.00000366590306
-1.0122  0.00000391243755
-1.008  0.00000417555165
-1.0038  0.00000445636035
-0.9996  0.00000475605364
-0.9954  0.0000050759015
-0.9912  0.00000541725935
-0.987  0.00000578157375
-0.9828  0.00000617038854
-0.9786  0.00000658535139
-0.9744  0.00000702822078
-0.9702  0.00000750087344
-0.966  0.00000800531231
-0.9618  0.00000854367505
-0.9576  0.00000911824304
-0.9534  0.00000973145112
-0.9492  0.0000103858979
-0.945  0.0000110843566
-0.9408  0.0000118297872
-0.9366  0.0000126253485
-0.9324  0.0000134744118
-0.9282  0.0000143805752
-0.924  0.0000153476787
-0.9198  0.0000163798206
-0.9156  0.0000174813748
-0.9114  0.0000186570092
-0.9072  0.0000199117058
-0.903  0.0000212507817
-0.8988  0.0000226799113
-0.8946  0.0000242051508
-0.8904  0.0000258329638
-0.8862  0.0000275702483
-0.882  0.0000294243664
-0.8778  0.0000314031752
-0.8736  0.0000335150602
-0.8694  0.0000357689709
-0.8652  0.0000381744587
-0.861  0.0000407417172
-0.8568  0.0000434816255
-0.8526  0.0000464057946
-0.8484  0.000049526616
-0.8442  0.0000528573149
-0.84  0.0000564120055
-0.8358  0.0000602057515
-0.8316  0.0000642546294
-0.8274  0.0000685757972
-0.8232  0.0000731875665
-0.819  0.0000781094805
-0.8148  0.0000833623965
-0.8106  0.0000889685747
-0.8064  0.0000949517723
-0.8022  0.000101337344
-0.798  0.00010815235
-0.7938  0.000115425669
-0.7896  0.000123188124
-0.7854  0.00013147261
-0.7812  0.000140314233
-0.777  0.000149750461
-0.7728  0.000159821282
-0.7686  0.000170569373
-0.7644  0.00018204028
-0.7602  0.000194282614
-0.756  0.000207348252
-0.7518  0.000221292564
-0.7476  0.000236174641
-0.7434  0.000252057547
-0.7392  0.000269008589
-0.735  0.000287099601
-0.7308  0.000306407246
-0.7266  0.000327013343
-0.7224  0.000349005214
-0.7182  0.000372476053
-0.714  0.000397525323
-0.7098  0.000424259173
-0.7056  0.000452790893
-0.7014  0.00048324139
-0.6972  0.000515739704
-0.693  0.000550423552
-0.6888  0.000587439913
-0.6846  0.000626945649
-0.6804  0.000669108173
-0.6762  0.000714106156
-0.672  0.000762130283
-0.6678  0.000813384067
-0.6636  0.000868084702
-0.6594  0.000926463992
-0.6552  0.00098876933
-0.651  0.00105526474
-0.6468  0.00112623202
-0.6426  0.00120197189
-0.6384  0.00128280533
-0.6342  0.00136907486
-0.63  0.00146114608
-0.6258  0.00155940916
-0.6216  0.00166428049
-0.6174  0.00177620449
-0.6132  0.00189565546
-0.609  0.00202313959
-0.6048  0.00215919711
-0.6006  0.00230440459
-0.5964  0.00245937738
-0.5922  0.00262477219
-0.588  0.00280128992
-0.5838  0.00298967858
-0.5796  0.00319073652
-0.5754  0.00340531573
-0.5712  0.00363432554
-0.567  0.00387873642
-0.5628  0.0041395841
-0.5586  0.00441797397
-0.5544  0.00471508574
-0.5502  0.00503217848
-0.546  0.00537059593
-0.5418  0.00573177218
-0.5376  0.00611723778
-0.5334  0.00652862621
-0.5292  0.00696768079
-0.525  0.00743626209
-0.5208  0.00793635581
-0.5166  0.00847008117
-0.5124  0.00903969993
-0.5082  0.00964762593
-0.504  0.0102964354
-0.4998  0.0109888777
-0.4956  0.0117278873
-0.4914  0.0125165957
-0.4872  0.0133583453
-0.483  0.0142567032
-0.4788  0.0152154762
-0.4746  0.0162387274
-0.4704  0.017330793
-0.4662  0.0184963006
-0.462  0.0197401895
-0.4578  0.0210677308
-0.4536  0.0224845501
-0.4494  0.0239966515
-0.4452  0.0256104427
-0.441  0.0273327625
-0.4368  0.0291709095
-0.4326  0.0311326731
-0.4284  0.0332263667
-0.4242  0.0354608626
-0.42  0.0378456299
-0.4158  0.0403907744
-0.4116  0.0431070816
-0.4074  0.0460060624
-0.4032  0.0491000016
-0.399  0.0524020103
-0.3948  0.0559260813
-0.3906  0.0596871486
-0.3864  0.0637011502
-0.3822  0.0679850961
-0.378  0.0725571403
-0.3738  0.0774366577
-0.3696  0.0826443259
-0.3654  0.0882022134
-0.3612  0.0941338726
-0.357  0.10046444
-0.3528  0.107220742
-0.3486  0.114431411
-0.3444  0.122127001
-0.3402  0.130340126
-0.336  0.139105588
-0.3318  0.148460534
-0.3276  0.158444607
-0.3234  0.169100115
-0.3192  0.180472214
-0.315  0.192609094
-0.3108  0.205562187
-0.3066  0.219386385
-0.3024  0.234140269
-0.2982  0.249886363
-0.294  0.266691392
-0.2898  0.28462657
-0.2856  0.303767902
-0.2814  0.324196501
-0.2772  0.345998938
-0.273  0.369267603
-0.2688  0.394101102
-0.2646  0.420604671
-0.2625  0.434517539
-0.2625  0.143264944
-0.2583  0.172865227
-0.2541  0.205066254
-0.2499  0.239807527
-0.2457  0.277023776
-0.2415  0.316645078
-0.2373  0.358596994
-0.2331  0.402800705
-0.2289  0.449173163
-0.2247  0.497627244
-0.2205  0.548071913
-0.2163  0.600412395
-0.2121  0.654550354
-0.2079  0.710384077
-0.2037  0.767808665
-0.1995  0.826716229
-0.1953  0.886996095
-0.1911  0.948535009
-0.1869  1.01121735
-0.1827  1.07492537
-0.1785  1.13953935
-0.1743  1.2049379
-0.1701  1.27099817
-0.1659  1.33759602
-0.1617  1.40460635
-0.1575  1.47190325
-0.1533  1.53936028
-0.1491  1.60685072
-0.1449  1.67424775
-0.1407  1.74142476
-0.1365  1.80825554
-0.1323  1.87461451
-0.1281  1.94037702
-0.1239  2.00541951
-0.1197  2.06961977
-0.1155  2.13285719
-0.1113  2.19501295
-0.1071  2.25597029
-0.1029  2.31561468
-0.0986999999  2.37383405
-0.0944999999  2.43051903
-0.0902999999  2.48556311
-0.0860999999  2.53886289
-0.0818999999  2.59031821
-0.0776999999  2.63983242
-0.0734999999  2.68731248
-0.0692999999  2.73266919
-0.0650999999  2.77581733
-0.0608999999  2.81667584
-0.0566999999  2.85516795
-0.0524999999  2.89122135
-0.0482999999  2.92476829
-0.0440999999  2.95574576
-0.0398999999  2.98409554
-0.0356999999  3.00976438
-0.0314999999  3.03270406
-0.0272999999  3.05287146
-0.0230999999  3.07022872
-0.0188999999  3.0847432
-0.0146999999  3.09638764
-0.0104999999  3.10514017
-0.0062999999  3.11098435
-0.0020999999  3.11390918
0.0021000001  3.11390918
0.0063000001  3.11098435
0.0105000001  3.10514017
0.0147000001  3.09638764
0.0189000001  3.0847432
0.0231000001  3.07022871
0.0273000001  3.05287146
0.0315000001  3.03270406
0.0357000001  3.00976438
0.0399000001  2.98409554
0.0441000001  2.95574575
0.0483000001  2.92476829
0.0525000001  2.89122135
0.0567000001  2.85516795
0.0609000001  2.81667584
0.0651000001  2.77581733
0.0693000001  2.73266919
0.0735000001  2.68731248
0.0777000001  2.63983242
0.0819000001  2.59031821
0.0861000001  2.53886288
0.0903000001  2.48556311
0.0945000001  2.43051902
0.0987000001  2.37383405
0.1029  2.31561468
0.1071  2.25597029
0.1113  2.19501295
0.1155  2.13285718
0.1197  2.06961977
0.1239  2.0054195
0.1281  1.94037702
0.1323  1.87461451
0.1365  1.80825553
0.1407  1.74142476
0.1449  1.67424775
0.1491  1.60685071
0.1533  1.53936028
0.1575  1.47190324
0.1617  1.40460635
0.1659  1.33759602
0.1701  1.27099816
0.1743  1.2049379
0.1785  1.13953934
0.1827  1.07492536
0.1869  1.01121735
0.1911  0.948535006
0.1953  0.886996092
0.1995  0.826716226
0.2037  0.767808662
0.2079  0.710384075
0.2121  0.654550351
0.2163  0.600412392
0.2205  0.54807191
0.2247  0.497627242
0.2289  0.449173161
0.2331  0.402800703
0.2373  0.358596992
0.2415  0.316645076
0.2457  0.277023774
0.2499  0.239807526
0.2541  0.205066252
0.2583  0.172865225
0.2625  0.143264944
0.2625  0.434517539
0.2667  0.407137278
0.2709  0.38148233
0.2751  0.357443978
0.2793  0.334920355
0.2835  0.313816013
0.2877  0.29404152
0.2919  0.275513077
0.2961  0.258152167
0.3003  0.24188522
0.3045  0.226643303
0.3087  0.212361825
0.3129  0.198980266
0.3171  0.186441919
0.3213  0.174693652
0.3255  0.163685678
0.3297  0.15337135
0.3339  0.143706958
0.3381  0.134651549
0.3423  0.126166749
0.3465  0.118216602
0.3507  0.110767417
0.3549  0.103787628
0.3591  0.0972476567
0.3633  0.0911197886
0.3675  0.0853780559
0.3717  0.0799981271
0.3759  0.0749572038
0.3801  0.0702339243
0.3843  0.0658082729
0.3885  0.0616614952
0.3927  0.0577760184
0.3969  0.0541353772
0.4011  0.0507241438
0.4053  0.0475278626
0.4095  0.0445329886
0.4137  0.0417268307
0.4179  0.0390974972
0.4221  0.036633846
0.4263  0.0343254369
0.4305  0.0321624876
0.4347  0.0301358322
0.4389  0.0282368826
0.4431  0.0264575914
0.4473  0.0247904188
0.4515  0.0232282997
0.4557  0.0217646145
0.4599  0.0203931605
0.4641  0.019108126
0.4683  0.0179040653
0.4725  0.0167758762
0.4767  0.0157187776
0.4809  0.01472829
0.4851  0.0138002161
0.4893  0.0129306228
0.4935  0.0121158253
0.4977  0.0113523706
0.5019  0.0106370235
0.5061  0.00996675255
0.5103  0.00933871741
0.5145  0.00875025666
0.5187  0.0081988766
0.5229  0.00768224066
0.5271  0.0071981595
0.5313  0.00674458176
0.5355  0.00631958533
0.5397  0.00592136919
0.5439  0.00554824586
0.5481  0.00519863416
0.5523  0.00487105254
0.5565  0.00456411283
0.5607  0.00427651431
0.5649  0.00400703825
0.5691  0.00375454268
0.5733  0.00351795763
0.5775  0.00329628051
0.5817  0.00308857193
0.5859  0.0028939517
0.5901  0.00271159507
0.5943  0.00254072929
0.5985  0.00238063027
0.6027  0.00223061958
0.6069  0.00209006151
0.6111  0.00195836043
0.6153  0.00183495824
0.6195  0.00171933198
0.6237  0.00161099169
0.6279  0.00150947825
0.6321  0.00141436147
0.6363  0.00132523829
0.6405  0.00124173103
0.6447  0.00116348581
0.6489  0.00109017106
0.6531  0.00102147609
0.6573  0.000957109803
0.6615  0.000896799428
0.6657  0.000840289391
0.6699  0.000787340222
0.6741  0.00073772754
0.6783  0.000691241103
0.6825  0.000647683916
0.6867  0.000606871399
0.6909  0.000568630602
0.6951  0.000532799473
0.6993  0.000499226171
0.7035  0.000467768425
0.7077  0.000438292925
0.7119  0.000410674766
0.7161  0.000384796911
0.7203  0.000360549697
0.7245  0.000337830373
0.7287  0.000316542662
0.7329  0.000296596354
0.7371  0.000277906924
0.7413  0.00026039517
0.7455  0.000243986885
0.7497  0.000228612536
0.7539  0.00021420697
0.7581  0.000200709143
0.7623  0.000188061855
0.7665  0.00017621151
0.7707  0.000165107891
0.7749  0.000154703945
0.7791  0.000144955583
0.7833  0.000135821494
0.7875  0.000127262972
0.7917  0.000119243749
0.7959  0.000111729841
0.8001  0.000104689406
0.8043  0.0000980926111
0.8085  0.0000919114998
0.8127  0.000086119879
0.8169  0.0000806932057
0.8211  0.0000756084834
0.8253  0.0000708441649
0.8295  0.0000663800604
0.8337  0.0000621972526
0.8379  0.0000582780161
0.8421  0.0000546057425
0.8463  0.00005116487
0.8505  0.0000479408172
0.8547  0.0000449199218
0.8589  0.000042089382
0.8631  0.0000394372031
0.8673  0.000036952146
0.8715  0.0000346236798
0.8757  0.0000324419373
0.8799  0.000030397673
0.8841  0.000028482224
0.8883  0.0000266874731
0.8925  0.000025005815
0.8967  0.0000234301231
0.9009  0.0000219537204
0.9051  0.0000205703503
0.9093  0.0000192741505
0.9135  0.0000180596281
0.9177  0.0000169216365
0.9219  0.0000158553531
0.9261  0.0000148562595
0.9303  0.0000139201218
0.9345  0.0000130429729
0.9387  0.0000122210959
0.9429  0.0000114510078
0.9471  0.0000107294452
0.9513  0.0000100533505
0.9555  0.00000941985859
0.9597  0.00000882628489
0.9639  0.00000827011406
0.9681  0.00000774898923
0.9723  0.00000726070205
0.9765  0.00000680318332
0.9807  0.00000637449422
0.9849  0.00000597281811
0.9891  0.00000559645283
0.9933  0.00000524380346
0.9975  0.00000491337559
1.0017  0.00000460376897
1.0059  0.0000043136716
1.0101  0.00000404185415
1.0143  0.00000378716473
1.0185  0.00000354852406
1.0227  0.00000332492085
1.0269  0.00000311540756
1.0311  0.00000291909634
1.0353  0.00000273515527
1.0395  0.00000256280489
1.0437  0.00000240131482
1.0479  0.00000225000073
1.05  0.0000021779577
