-1.1  8.64888521e-7
-1.0956  9.26943935e-7
-1.0912  9.93451801e-7
-1.0868  0.00000106473158
-1.0824  0.00000114112565
-1.078  0.00000122300097
-1.0736  0.00000131075082
-1.0692  0.00000140479668
-1.0648  0.00000150559029
-1.0604  0.00000161361581
-1.056  0.00000172939211
-1.0516  0.00000185347532
-1.0472  0.00000198646145
-1.0428  0.00000212898928
-1.0384  0.00000228174343
-1.034  0.00000244545763
-1.0296  0.00000262091826
-1.0252  0.00000280896813
-1.0208  0.00000301051049
-1.0164  0.00000322651345
-1.012  0.00000345801453
-1.0076  0.00000370612572
-1.0032  0.00000397203879
-0.9988  0.00000425703102
-0.9944  0.00000456247134
-0.99  0.00000488982688
-0.9856  0.00000524067005
-0.9812  0.00000561668608
-0.9768  0.00000601968111
-0.9724  0.00000645159088
-0.968  0.00000691449001
-0.9636  0.00000741060196
-0.9592  0.00000794230976
-0.9548  0.00000851216739
-0.9504  0.00000912291207
-0.946  0.00000977747745
-0.9416  0.0000104790076
-0.9372  0.0000112308724
-0.9328  0.0000120366831
-0.9284  0.0000129003104
-0.924  0.0000138259026
-0.9196  0.0000148179057
-0.9152  0.0000158810847
-0.9108  0.0000170205463
-0.9064  0.0000182417638
-0.902  0.0000195506033
-0.8976  0.0000209533514
-0.8932  0.0000224567462
-0.8888  0.000024068009
-0.8844  0.0000257948792
-0.88  0.0000276456518
-0.8756  0.0000296292165
-0.8712  0.0000317551012
-0.8668  0.0000340335173
-0.8624  0.0000364754089
-0.858  0.0000390925053
-0.8536  0.0000418973772
-0.8492  0.0000449034977
-0.8448  0.0000481253061
-0.8404  0.0000515782781
-0.836  0.0000552789994
-0.8316  0.000059245246
-0.8272  0.0000634960693
-0.8228  0.0000680518875
-0.8184  0.0000729345838
-0.814  0.0000781676117
-0.8096  0.0000837761074
-0.8052  0.0000897870104
-0.8008  0.0000962291933
-0.7964  0.0001031336
-0.792  0.000110533396
-0.7876  0.000118464124
-0.7832  0.000126963879
-0.7788  0.000136073487
-0.7744  0.000145836707
-0.77  0.000156300434
-0.7656  0.000167514929
-0.7612  0.00017953406
-0.7568  0.000192415558
-0.7524  0.000206221299
-0.748  0.000221017597
-0.7436  0.000236875524
-0.7392  0.00025387125
-0.7348  0.000272086413
-0.7304  0.000291608507
-0.726  0.000312531303
-0.7216  0.000334955302
-0.7172  0.000358988215
-0.7128  0.000384745479
-0.7084  0.000412350817
-0.704  0.000441936827
-0.6996  0.000473645622
-0.6952  0.00050762951
-0.6908  0.000544051729
-0.6864  0.000583087229
-0.682  0.00062492351
-0.6776  0.000669761528
-0.6732  0.000717816656
-0.6688  0.00076931972
-0.6644  0.00082451811
-0.66  0.000883676963
-0.6556  0.00094708044
-0.6512  0.00101503309
-0.6468  0.00108786132
-0.6424  0.00116591494
-0.638  0.00124956889
-0.6336  0.00133922497
-0.6292  0.00143531384
-0.6248  0.00153829704
-0.6204  0.00164866926
-0.616  0.00176696063
-0.6116  0.00189373937
-0.6072  0.00202961443
-0.6028  0.00217523847
-0.5984  0.00233131098
-0.594  0.00249858163
-0.5896  0.00267785389
-0.5852  0.00286998886
-0.5808  0.00307590944
-0.5764  0.00329660474
-0.572  0.00353313485
-0.5676  0.00378663589
-0.5632  0.00405832554
-0.5588  0.00434950881
-0.5544  0.00466158437
-0.55  0.00499605123
-0.5456  0.00535451596
-0.5412  0.00573870039
-0.5368  0.0061504499
-0.5324  0.00659174228
-0.528  0.00706469721
-0.5236  0.00757158648
-0.5192  0.00811484486
-0.5148  0.00869708181
-0.5104  0.00932109403
-0.506  0.00998987889
-0.5016  0.0107066488
-0.4972  0.0114748467
-0.4928  0.0122981624
-0.4884  0.0131805508
-0.484  0.0141262502
-0.4796  0.0151398031
-0.4752  0.0162260781
-0.4708  0.0173902928
-0.4664  0.0186380396
-0.462  0.0199753116
-0.4576  0.0214085324
-0.4532  0.0229445863
-0.4488  0.0245908514
-0.4444  0.0263552354
-0.44  0.0282462132
-0.4356  0.030272868
-0.4312  0.0324449345
-0.4268  0.0347728458
-0.4224  0.0372677839
-0.418  0.0399417329
-0.4136  0.0428075366
-0.4092  0.0458789607
-0.4048  0.0491707582
-0.4004  0.0526987409
-0.396  0.056479855
-0.3916  0.0605322625
-0.3872  0.0648754288
-0.3828  0.0695302154
-0.3784  0.0745189813
-0.374  0.0798656891
-0.3696  0.0855960211
-0.3652  0.0917375022
-0.3608  0.0983196322
-0.3564  0.105374027
-0.352  0.112934573
-0.3476  0.121037584
-0.3432  0.129721984
-0.3388  0.139029485
-0.3344  0.149004797
-0.33  0.159695833
-0.3256  0.171153946
-0.3212  0.183434175
-0.3168  0.196595506
-0.3124  0.210701156
-0.308  0.225818882
-0.3036  0.242021299
-0.2992  0.259386232
-0.2948  0.277997093
-0.2904  0.297943276
-0.286  0.31932059
-0.2816  0.342231718
-0.2772  0.36678671
-0.275  0.379717189
-0.275  0.1251967
-0.2706  0.152822288
-0.2662  0.183039967
-0.2618  0.215792027
-0.2574  0.25101592
-0.253  0.288644377
-0.2486  0.328605535
-0.2442  0.370823078
-0.2398  0.41521638
-0.2354  0.46170066
-0.231  0.510187144
-0.2266  0.560583233
-0.2222  0.612792684
-0.2178  0.666715787
-0.2134  0.722249562
-0.209  0.779287952
-0.2046  0.837722027
-0.2002  0.897440191
-0.1958  0.958328396
-0.1914  1.02027036
-0.187  1.08314779
-0.1826  1.1468406
-0.1782  1.21122715
-0.1738  1.27618449
-0.1694  1.34158855
-0.165  1.40731443
-0.1606  1.47323661
-0.1562  1.53922919
-0.1518  1.60516615
-0.1474  1.67092155
-0.143  1.73636982
-0.1386  1.80138596
-0.1342  1.86584583
-0.1298  1.92962629
-0.1254  1.99260557
-0.121  2.05466337
-0.1166  2.11568118
-0.1122  2.17554247
-0.1078  2.23413292
-0.1034  2.29134063
-0.0989999999  2.34705636
-0.0945999999  2.40117369
-0.0901999999  2.45358928
-0.0857999999  2.50420302
-0.0813999999  2.55291826
-0.0769999999  2.59964195
-0.0725999999  2.64428487
-0.0681999999  2.68676176
-0.0637999999  2.7269915
-0.0593999999  2.76489726
-0.0549999999  2.80040664
-0.0505999999  2.83345183
-0.0461999999  2.86396973
-0.0417999999  2.89190205
-0.0373999999  2.91719545
-0.0329999999  2.93980162
-0.0285999999  2.95967739
-0.0241999999  2.9767848
-0.0197999999  2.99109118
-0.0153999999  3.00256921
-0.0109999999  3.01119696
-0.0065999999  3.01695797
-0.0021999999  3.01984123
0.0022000001  3.01984123
0.0066000001  3.01695797
0.0110000001  3.01119696
0.0154000001  3.00256921
0.0198000001  2.99109118
0.0242000001  2.97678479
0.0286000001  2.95967738
0.0330000001  2.93980162
0.0374000001  2.91719545
0.0418000001  2.89190205
0.0462000001  2.86396973
0.0506000001  2.83345183
0.0550000001  2.80040664
0.0594000001  2.76489725
0.0638000001  2.7269915
0.0682000001  2.68676176
0.0726000001  2.64428487
0.0770000001  2.59964195
0.0814000001  2.55291826
0.0858000001  2.50420302
0.0902000001  2.45358928
0.0946000001  2.40117369
0.0990000001  2.34705635
0.1034  2.29134063
0.1078  2.23413291
0.1122  2.17554246
0.1166  2.11568117
0.121  2.05466336
0.1254  1.99260556
0.1298  1.92962629
0.1342  1.86584582
0.1386  1.80138596
0.143  1.73636981
0.1474  1.67092154
0.1518  1.60516614
0.1562  1.53922919
0.1606  1.47323661
0.165  1.40731443
0.1694  1.34158855
0.1738  1.27618449
0.1782  1.21122715
0.1826  1.1468406
0.187  1.08314779
0.1914  1.02027036
0.1958  0.958328394
0.2002  0.897440188
0.2046  0.837722024
0.209  0.779287949
0.2134  0.722249559
0.2178  0.666715784
0.2222  0.612792681
0.2266  0.560583231
0.231  0.510187142
0.2354  0.461700658
0.2398  0.415216378
0.2442  0.370823076
0.2486  0.328605533
0.253  0.288644375
0.2574  0.251015919
0.2618  0.215792026
0.2662  0.183039965
0.2706  0.152822287
0.275  0.1251967
0.275  0.379717189
0.2794  0.354296549
0.2838  0.330577727
0.2882  0.30844679
0.2926  0.287797436
0.297  0.268530479
0.3014  0.250553372
0.3058  0.233779766
0.3102  0.218129089
0.3146  0.203526166
0.319  0.189900854
0.3234  0.177187705
0.3278  0.165325654
0.3322  0.154257722
0.3366  0.143930747
0.341  0.134295125
0.3454  0.125304571
0.3498  0.1169159
0.3542  0.10908882
0.3586  0.101785734
0.363  0.0949715611
0.3674  0.0886135719
0.3718  0.0826812262
0.3762  0.0771460287
0.3806  0.071981392
0.385  0.0671625082
0.3894  0.0626662306
0.3938  0.0584709619
0.3982  0.0545565507
0.4026  0.0509041946
0.407  0.0474963501
0.4114  0.0443166479
0.4158  0.0413498148
0.4202  0.0385816001
0.4246  0.0359987069
0.429  0.0335887287
0.4334  0.0313400895
0.4378  0.0292419883
0.4422  0.027284347
0.4466  0.0254577625
0.451  0.023753461
0.4554  0.022163256
0.4598  0.0206795093
0.4642  0.0192950938
0.4686  0.0180033598
0.473  0.0167981025
0.4774  0.0156735326
0.4818  0.0146242485
0.4862  0.01364521
0.4906  0.0127317145
0.495  0.011879374
0.4994  0.0110840946
0.5038  0.0103420561
0.5082  0.00964969429
0.5126  0.00900368351
0.517  0.00840092073
0.5214  0.00783851065
0.5258  0.00731375181
0.5302  0.00682412361
0.5346  0.00636727417
0.539  0.00594100909
0.5434  0.00554328085
0.5478  0.00517217903
0.5522  0.00482592107
0.5566  0.00450284379
0.561  0.00420139531
0.5654  0.00392012768
0.5698  0.00365768986
0.5742  0.00341282127
0.5786  0.00318434571
0.583  0.00297116573
0.5874  0.00277225734
0.5918  0.00258666513
0.5962  0.00241349762
0.6006  0.00225192302
0.605  0.00210116524
0.6094  0.00196050012
0.6138  0.001829252
0.6182  0.00170679045
0.6226  0.00159252724
0.627  0.00148591353
0.6314  0.0013864372
0.6358  0.00129362044
0.6402  0.00120701741
0.6446  0.00112621213
0.649  0.00105081646
0.6534  0.000980468246
0.6578  0.00091482958
0.6622  0.000853585177
0.6666  0.000796440857
0.671  0.000743122134
0.6754  0.000693372899
0.6798  0.000646954188
0.6842  0.000603643036
0.6886  0.000563231403
0.693  0.000525525177
0.6974  0.00049034324
0.7018  0.000457516603
0.7062  0.000426887585
0.7106  0.000398309065
0.715  0.00037164377
0.7194  0.000346763616
0.7238  0.000323549095
0.7282  0.000301888698
0.7326  0.000281678384
0.737  0.000262821075
0.7414  0.000245226191
0.7458  0.000228809219
0.7502  0.000213491301
0.7546  0.000199198861
0.759  0.000185863246
0.7634  0.0001734204
0.7678  0.000161810555
0.7722  0.000150977947
0.7766  0.00014087054
0.781  0.000131439787
0.7854  0.000122640387
0.7898  0.000114430074
0.7942  0.00010676941
0.7986  0.0000996215996
0.803  0.0000929523078
0.8074  0.0000867295
0.8118  0.0000809232859
0.8162  0.0000755057759
0.8206  0.0000704509479
0.825  0.0000657345216
0.8294  0.0000613338424
0.8338  0.0000572277721
0.8382  0.0000533965877
0.8426  0.0000498218868
0.847  0.0000464864987
0.8514  0.0000433744023
0.8558  0.000040470649
0.8602  0.0000377612911
0.8646  0.0000352333145
0.869  0.0000328745765
0.8734  0.0000306737471
0.8778  0.000028620255
0.8822  0.0000267042365
0.8866  0.0000249164882
0.891  0.0000232484229
0.8954  0.0000216920283
0.8998  0.0000202398285
0.9042  0.0000188848481
0.9086  0.0000176205784
0.913  0.0000164409469
0.9174  0.0000153402873
0.9218  0.0000143133127
0.9262  0.0000133550902
0.9306  0.0000124610171
0.935  0.0000116267988
0.9394  0.0000108484283
0.9438  0.0000101221668
0.9482  0.00000944452575
0.9526  0.00000881225023
0.957  0.00000822230319
0.9614  0.00000767185088
0.9658  0.00000715824929
0.9702  0.00000667903139
0.9746  0.00000623189534
0.979  0.00000581469336
0.9834  0.00000542542148
0.9878  0.0000050622099
0.9922  0.00000472331397
0.9966  0.00000440710584
1.001  0.00000411206666
1.0054  0.00000383677925
1.0098  0.0000035799213
1.0142  0.00000334025902
1.0186  0.00000311664122
1.023  0.0000029079938
1.0274  0.00000271331454
1.0318  0.00000253166833
1.0362  0.00000236218265
1.0406  0.00000220404339
1.045  0.00000205649097
1.0494  0.00000191881663
1.0538  0.00000179035906
1.0582  0.00000167050125
1.0626  0.00000155866747
1.067  0.00000145432054
1.0714  0.00000135695924
1.0758  0.00000126611592
1.0802  0.00000118135421
1.0846  0.00000110226699
1.089  0.00000102847435
1.0934  9.59621861e-7
1.0978  8.95378783e-7
1.1  8.64888521e-7
