-1.15  3.47397645e-7
-1.1454  3.73880939e-7
-1.1408  4.02383145e-7
-1.1362  4.33058169e-7
-1.1316  4.66071655e-7
-1.127  5.01601869e-7
-1.1224  5.39840672e-7
-1.1178  5.80994548e-7
-1.1132  6.25285722e-7
-1.1086  6.72953362e-7
-1.104  7.24254868e-7
-1.0994  7.7946726e-7
-1.0948  8.38888678e-7
-1.0902  9.02839993e-7
-1.0856  9.71666531e-7
-1.081  0.00000104573995
-1.0764  0.00000112546023
-1.0718  0.00000121125786
-1.0672  0.00000130359614
-1.0626  0.00000140297367
-1.058  0.00000150992708
-1.0534  0.00000162503392
-1.0488  0.00000174891574
-1.0442  0.00000188224149
-1.0396  0.0000020257311
-1.035  0.00000218015942
-1.0304  0.00000234636033
-1.0258  0.00000252523129
-1.0212  0.00000271773819
-1.0166  0.00000292492054
-1.012  0.0000031478971
-1.0074  0.00000338787192
-1.0028  0.00000364614083
-0.9982  0.00000392409844
-0.9936  0.00000422324571
-0.989  0.00000454519797
-0.9844  0.00000489169375
-0.9798  0.00000526460407
-0.9752  0.0000056659426
-0.9706  0.00000609787652
-0.966  0.00000656273822
-0.9614  0.00000706303789
-0.9568  0.0000076014771
-0.9522  0.00000818096334
-0.9476  0.00000880462578
-0.943  0.0000094758321
-0.9384  0.0000101982068
-0.9338  0.0000109756505
-0.9292  0.0000118123613
-0.9246  0.0000127128575
-0.92  0.0000136820015
-0.9154  0.0000147250266
-0.9108  0.0000158475651
-0.9062  0.0000170556784
-0.9016  0.0000183558903
-0.897  0.0000197552218
-0.8924  0.000021261229
-0.8878  0.0000228820442
-0.8832  0.0000246264196
-0.8786  0.0000265037747
-0.874  0.0000285242469
-0.8694  0.0000306987464
-0.8648  0.0000330390154
-0.8602  0.000035557691
-0.8556  0.0000382683738
-0.851  0.000041185701
-0.8464  0.000044325426
-0.8418  0.0000477045027
-0.8372  0.0000513411779
-0.8326  0.0000552550891
-0.828  0.000059467371
-0.8234  0.0000640007693
-0.8188  0.0000688797639
-0.8142  0.0000741307006
-0.8096  0.000079781934
-0.805  0.00008586398
-0.8004  0.0000924096809
-0.7958  0.0000994543826
-0.7912  0.000107036126
-0.7866  0.000115195851
-0.782  0.000123977619
-0.7774  0.000133428851
-0.7728  0.000143600583
-0.7682  0.00015454774
-0.7636  0.000166329435
-0.759  0.000179009289
-0.7544  0.000192655771
-0.7498  0.000207342571
-0.7452  0.000223148994
-0.7406  0.000240160395
-0.736  0.000258468632
-0.7314  0.000278172568
-0.7268  0.000299378601
-0.7222  0.000322201242
-0.7176  0.00034676373
-0.713  0.000373198699
-0.7084  0.000401648895
-0.7038  0.000432267945
-0.6992  0.000465221189
-0.6946  0.000500686569
-0.69  0.000538855596
-0.6854  0.000579934376
-0.6808  0.00062414473
-0.6762  0.000671725388
-0.6716  0.000722933281
-0.667  0.000778044924
-0.6624  0.000837357913
-0.6578  0.000901192532
-0.6532  0.000969893479
-0.6486  0.00104383173
-0.644  0.00112340655
-0.6394  0.00120904762
-0.6348  0.00130121739
-0.6302  0.00140041359
-0.6256  0.00150717184
-0.621  0.00162206863
-0.6164  0.0017457244
-0.6118  0.00187880686
-0.6072  0.00202203464
-0.6026  0.00217618117
-0.598  0.0023420788
-0.5934  0.00252062337
-0.5888  0.00271277899
-0.5842  0.00291958328
-0.5796  0.00314215297
-0.575  0.00338168989
-0.5704  0.00363948752
-0.5658  0.00391693793
-0.5612  0.00421553932
-0.5566  0.00453690411
-0.552  0.00488276761
-0.5474  0.00525499746
-0.5428  0.00565560365
-0.5382  0.00608674939
-0.5336  0.00655076283
-0.529  0.00705014958
-0.5244  0.00758760627
-0.5198  0.0081660351
-0.5152  0.0087885595
-0.5106  0.00945854104
-0.506  0.0101795975
-0.5014  0.0109556226
-0.4968  0.0117908067
-0.4922  0.0126896596
-0.4876  0.0136570352
-0.483  0.0146981571
-0.4784  0.0158186472
-0.4738  0.017024556
-0.4692  0.0183223954
-0.4646  0.0197191734
-0.46  0.0212224325
-0.4554  0.0228402901
-0.4508  0.0245814825
-0.4462  0.0264554118
-0.4416  0.0284721971
-0.437  0.0306427288
-0.4324  0.0329787274
-0.4278  0.035492807
-0.4232  0.0381985434
-0.4186  0.0411105473
-0.414  0.044244543
-0.4094  0.0476174538
-0.4048  0.0512474929
-0.4002  0.0551542622
-0.3956  0.0593588577
-0.391  0.0638839836
-0.3864  0.0687540752
-0.3818  0.0739954303
-0.3772  0.0796363516
-0.3726  0.0857072994
-0.368  0.092241056
-0.3634  0.0992729029
-0.3588  0.106840811
-0.3542  0.114985647
-0.3496  0.12375139
-0.345  0.133185376
-0.3404  0.143338547
-0.3358  0.154265728
-0.3312  0.166025925
-0.3266  0.178682641
-0.322  0.192304222
-0.3174  0.206964221
-0.3128  0.222741802
-0.3082  0.239722161
-0.3036  0.25799699
-0.299  0.277664971
-0.2944  0.298832309
-0.2898  0.321613304
-0.2875  0.333647006
-0.2875  0.110006882
-0.2829  0.13582308
-0.2783  0.164213173
-0.2737  0.195122149
-0.2691  0.228490113
-0.2645  0.264252406
-0.2599  0.302339728
-0.2553  0.342678277
-0.2507  0.385189884
-0.2461  0.429792173
-0.2415  0.476398716
-0.2369  0.524919199
-0.2323  0.575259601
-0.2277  0.627322375
-0.2231  0.681006635
-0.2185  0.736208354
-0.2139  0.792820564
-0.2093  0.850733564
-0.2047  0.909835132
-0.2001  0.970010743
-0.1955  1.03114379
-0.1909  1.09311582
-0.1863  1.15580673
-0.1817  1.21909505
-0.1771  1.28285815
-0.1725  1.34697245
-0.1679  1.41131373
-0.1633  1.47575731
-0.1587  1.54017831
-0.1541  1.60445189
-0.1495  1.66845352
-0.1449  1.73205916
-0.1403  1.79514557
-0.1357  1.85759051
-0.1311  1.91927296
-0.1265  1.9800734
-0.1219  2.03987402
-0.1173  2.09855894
-0.1127  2.15601443
-0.1081  2.21212916
-0.1035  2.2667944
-0.0988999999  2.31990422
-0.0942999999  2.3713557
-0.0896999999  2.42104914
-0.0850999999  2.46888826
-0.0804999999  2.51478033
-0.0758999999  2.55863645
-0.0712999999  2.60037163
-0.0666999999  2.63990498
-0.0620999999  2.67715992
-0.0574999999  2.71206424
-0.0528999999  2.74455031
-0.0482999999  2.77455518
-0.0436999999  2.80202071
-0.0390999999  2.82689367
-0.0344999999  2.84912587
-0.0298999999  2.86867423
-0.0252999999  2.88550086
-0.0206999999  2.89957317
-0.0160999999  2.91086388
-0.0114999999  2.9193511
-0.0068999999  2.92501841
-0.0022999999  2.92785481
0.0023000001  2.92785481
0.0069000001  2.92501841
0.0115000001  2.9193511
0.0161000001  2.91086387
0.0207000001  2.89957317
0.0253000001  2.88550086
0.0299000001  2.86867423
0.0345000001  2.84912587
0.0391000001  2.82689367
0.0437000001  2.80202071
0.0483000001  2.77455518
0.0529000001  2.74455031
0.0575000001  2.71206424
0.0621000001  2.67715992
0.0667000001  2.63990498
0.0713000001  2.60037162
0.0759000001  2.55863645
0.0805000001  2.51478033
0.0851000001  2.46888825
0.0897000001  2.42104914
0.0943000001  2.3713557
0.0989000001  2.31990422
0.1035  2.2667944
0.1081  2.21212916
0.1127  2.15601443
0.1173  2.09855893
0.1219  2.03987402
0.1265  1.9800734
0.1311  1.91927296
0.1357  1.85759051
0.1403  1.79514557
0.1449  1.73205916
0.1495  1.66845351
0.1541  1.60445189
0.1587  1.5401783
0.1633  1.47575731
0.1679  1.41131373
0.1725  1.34697245
0.1771  1.28285814
0.1817  1.21909505
0.1863  1.15580673
0.1909  1.09311581
0.1955  1.03114379
0.2001  0.970010741
0.2047  0.909835129
0.2093  0.850733561
0.2139  0.792820561
0.2185  0.736208351
0.2231  0.681006633
0.2277  0.627322373
0.2323  0.575259599
0.2369  0.524919197
0.2415  0.476398714
0.2461  0.429792171
0.2507  0.385189882
0.2553  0.342678275
0.2599  0.302339727
0.2645  0.264252404
0.2691  0.228490112
0.2737  0.195122148
0.2783  0.164213172
0.2829  0.135823079
0.2875  0.110006882
0.2875  0.333647006
0.2921  0.310013622
0.2967  0.288054273
0.3013  0.267650381
0.3059  0.248691769
0.3105  0.231076061
0.3151  0.214708135
0.3197  0.199499607
0.3243  0.185368352
0.3289  0.172238064
0.3335  0.160037839
0.3381  0.148701799
0.3427  0.138168731
0.3473  0.128381757
0.3519  0.119288028
0.3565  0.11083844
0.3611  0.102987365
0.3657  0.09569241
0.3703  0.0889141819
0.3749  0.0826160795
0.3795  0.0767640936
0.3841  0.0713266244
0.3887  0.0662743102
0.3933  0.061579869
0.3979  0.0572179515
0.4025  0.0531650039
0.4071  0.0493991408
0.4117  0.0459000269
0.4163  0.0426487674
0.4209  0.0396278061
0.4255  0.03682083
0.4301  0.0342126818
0.4347  0.0317892779
0.4393  0.0295375322
0.4439  0.0274452855
0.4485  0.0255012399
0.4531  0.0236948979
0.4577  0.0220165054
0.4623  0.0204569994
0.4669  0.0190079586
0.4715  0.0176615584
0.4761  0.0164105284
0.4807  0.0152481133
0.4853  0.0141680361
0.4899  0.0131644646
0.4945  0.0122319795
0.4991  0.0113655456
0.5037  0.0105604843
0.5083  0.00981244824
0.5129  0.00911739822
0.5175  0.00847158102
0.5221  0.0078715093
0.5267  0.00731394277
0.5313  0.00679587063
0.5359  0.00631449534
0.5405  0.00586721756
0.5451  0.00545162202
0.5497  0.00506546456
0.5543  0.00470665999
0.5589  0.00437327081
0.5635  0.00406349674
0.5681  0.00377566506
0.5727  0.00350822149
0.5773  0.0032597219
0.5819  0.0030288244
0.5865  0.00281428217
0.5911  0.00261493672
0.5957  0.00242971161
0.6003  0.00225760664
0.6049  0.00209769247
0.6095  0.00194910557
0.6141  0.00181104361
0.6187  0.00168276106
0.6233  0.0015635652
0.6279  0.00145281241
0.6325  0.00134990463
0.6371  0.00125428616
0.6417  0.00116544069
0.6463  0.00108288845
0.6509  0.00100618367
0.6555  0.000934912164
0.6601  0.000868689066
0.6647  0.000807156781
0.6693  0.000749983043
0.6739  0.000696859122
0.6785  0.000647498153
0.6831  0.000601633594
0.6877  0.000559017783
0.6923  0.000519420598
0.6969  0.000482628221
0.7015  0.000448441976
0.7061  0.000416677263
0.7107  0.000387162555
0.7153  0.000359738477
0.7199  0.000334256943
0.7245  0.000310580354
0.7291  0.000288580862
0.7337  0.00026813967
0.7383  0.000249146399
0.7429  0.000231498489
0.7475  0.000215100641
0.7521  0.00019986431
0.7567  0.000185707222
0.7613  0.00017255293
0.7659  0.000160330403
0.7705  0.00014897364
0.7751  0.000138421316
0.7797  0.00012861645
0.7843  0.000119506097
0.7889  0.000111041062
0.7935  0.000103175635
0.7981  0.0000958673443
0.8027  0.000089076725
0.8073  0.0000827671091
0.8119  0.0000769044253
0.8165  0.0000714570159
0.8211  0.0000663954656
0.8257  0.0000616924425
0.8303  0.0000573225511
0.8349  0.0000532621943
0.8395  0.0000494894468
0.8441  0.0000459839362
0.8487  0.0000427267332
0.8533  0.0000397002493
0.8579  0.0000368881418
0.8625  0.0000342752257
0.8671  0.0000318473916
0.8717  0.0000295915295
0.8763  0.0000274954579
0.8809  0.0000255478585
0.8855  0.0000237382143
0.8901  0.0000220567536
0.8947  0.0000204943966
0.8993  0.0000190427068
0.9039  0.0000176938453
0.9085  0.0000164405283
0.9131  0.0000152759882
0.9177  0.0000141939366
0.9223  0.0000131885304
0.9269  0.0000122543407
0.9315  0.0000113863229
0.9361  0.0000105797898
0.9407  0.00000983038628
0.9453  0.00000913406564
0.9499  0.00000848706783
0.9545  0.00000788589913
0.9591  0.00000732731332
0.9637  0.00000680829409
0.9683  0.00000632603881
0.9729  0.00000587794336
0.9775  0.00000546158807
0.9821  0.00000507472469
0.9867  0.00000471526419
0.9913  0.00000438126554
0.9959  0.00000407092518
1.0005  0.00000378256731
1.0051  0.00000351463484
1.0097  0.00000326568096
1.0143  0.00000303436136
1.0189  0.00000281942693
1.0235  0.00000261971706
1.0281  0.00000243415334
1.0327  0.00000226173375
1.0373  0.00000210152724
1.0419  0.00000195266871
1.0465  0.00000181435436
1.0511  0.00000168583729
1.0557  0.00000156642354
1.0603  0.00000145546828
1.0649  0.00000135237238
1.0695  0.00000125657911
1.0741  0.00000116757122
1.0787  0.00000108486807
1.0833  0.00000100802307
1.0879  9.36621267e-7
1.0925  8.70277107e-7
1.0971  8.08632336e-7
1.1017  7.5135408e-7
1.1063  6.98133043e-7
1.1109  6.48681838e-7
1.1155  6.02733435e-7
1.1201  5.60039717e-7
1.1247  5.20370146e-7
1.1293  4.83510508e-7
1.1339  4.49261768e-7
1.1385  4.17438986e-7
1.1431  3.87870323e-7
1.1477  3.60396111e-7
1.15  3.47397645e-7
