-1.2  1.41032795e-7
-1.1952  1.52414736e-7
-1.1904  1.64715248e-7
-1.1856  1.78008464e-7
-1.1808  1.92374498e-7
-1.176  2.07899931e-7
-1.1712  2.24678333e-7
-1.1664  2.42810822e-7
-1.1616  2.6240668e-7
-1.1568  2.83584006e-7
-1.152  3.06470432e-7
-1.1472  3.31203889e-7
-1.1424  3.5793344e-7
-1.1376  3.86820178e-7
-1.1328  4.18038199e-7
-1.128  4.51775645e-7
-1.1232  4.88235845e-7
-1.1184  5.27638538e-7
-1.1136  5.70221194e-7
-1.1088  6.1624045e-7
-1.104  6.65973654e-7
-1.0992  7.19720537e-7
-1.0944  7.77805021e-7
-1.0896  8.40577168e-7
-1.0848  9.08415291e-7
-1.08  9.81728238e-7
-1.0752  0.00000106095785
-1.0704  0.00000114658162
-1.0656  0.0000012391156
-1.0608  0.00000133911745
-1.056  0.00000144718988
-1.0512  0.00000156398421
-1.0464  0.00000169020433
-1.0416  0.00000182661095
-1.0368  0.00000197402616
-1.032  0.0000021333384
-1.0272  0.00000230550781
-1.0224  0.00000249157202
-1.0176  0.00000269265239
-1.0128  0.0000029099608
-1.008  0.00000314480691
-1.0032  0.0000033986061
-0.9984  0.00000367288795
-0.9936  0.0000039693055
-0.9888  0.0000042896452
-0.984  0.00000463583766
-0.9792  0.00000500996932
-0.9744  0.00000541429498
-0.9696  0.00000585125143
-0.9648  0.0000063234721
-0.96  0.00000683380298
-0.9552  0.00000738531971
-0.9504  0.00000798134617
-0.9456  0.00000862547447
-0.9408  0.00000932158665
-0.936  0.000010073878
-0.9312  0.0000108868825
-0.9264  0.0000117654998
-0.9216  0.0000127150253
-0.9168  0.0000137411815
-0.912  0.0000148501528
-0.9072  0.0000160486228
-0.9024  0.0000173438143
-0.8976  0.0000187435333
-0.8928  0.0000202562155
-0.888  0.0000218909776
-0.8832  0.0000236576718
-0.8784  0.0000255669458
-0.8736  0.0000276303061
-0.8688  0.0000298601884
-0.864  0.0000322700316
-0.8592  0.0000348743593
-0.8544  0.0000376888672
-0.8496  0.0000407305178
-0.8448  0.0000440176424
-0.84  0.0000475700518
-0.8352  0.0000514091557
-0.8304  0.0000555580915
-0.8256  0.0000600418638
-0.8208  0.0000648874955
-0.816  0.0000701241902
-0.8112  0.0000757835082
-0.8064  0.000081899557
-0.8016  0.0000885091967
-0.7968  0.0000956522623
-0.792  0.000103371803
-0.7872  0.000111714344
-0.7824  0.000120730163
-0.7776  0.000130473596
-0.7728  0.000141003366
-0.768  0.000152382933
-0.7632  0.000164680878
-0.7584  0.00017797132
-0.7536  0.000192334356
-0.7488  0.00020785655
-0.744  0.00022463145
-0.7392  0.000242760156
-0.7344  0.000262351925
-0.7296  0.000283524832
-0.7248  0.000306406482
-0.72  0.000331134778
-0.7152  0.000357858752
-0.7104  0.000386739462
-0.7056  0.000417950969
-0.7008  0.000451681375
-0.696  0.000488133968
-0.6912  0.000527528438
-0.6864  0.000570102209
-0.6816  0.000616111862
-0.6768  0.000665834688
-0.672  0.000719570357
-0.6672  0.00077764272
-0.6624  0.000840401768
-0.6576  0.000908225737
-0.6528  0.000981523385
-0.648  0.00106073646
-0.6432  0.00114634237
-0.6384  0.00123885704
-0.6336  0.00133883803
-0.6288  0.0014468879
-0.624  0.00156365786
-0.6192  0.00168985165
-0.6144  0.0018262298
-0.6096  0.00197361425
-0.6048  0.00213289325
-0.6  0.00230502673
-0.5952  0.00249105211
-0.5904  0.00269209053
-0.5856  0.00290935359
-0.5808  0.0031441507
-0.576  0.00339789693
-0.5712  0.00367212154
-0.5664  0.00396847724
-0.5616  0.0042887501
-0.5568  0.00463487033
-0.552  0.00500892391
-0.5472  0.00541316521
-0.5424  0.00585003048
-0.5376  0.00632215261
-0.5328  0.006832377
-0.528  0.00738377865
-0.5232  0.00797968074
-0.5184  0.00862367464
-0.5136  0.00931964156
-0.5088  0.010071776
-0.504  0.0108846108
-0.4992  0.0117630448
-0.4944  0.0127123721
-0.4896  0.0137383142
-0.4848  0.0148470541
-0.48  0.016045274
-0.4752  0.0173401953
-0.4704  0.0187396222
-0.4656  0.0202519888
-0.4608  0.0218864097
-0.456  0.0236527353
-0.4512  0.0255616108
-0.4464  0.0276245407
-0.4416  0.0298539576
-0.4368  0.032263298
-0.432  0.0348670822
-0.4272  0.0376810028
-0.4224  0.0407220187
-0.4176  0.0440084574
-0.4128  0.0475601256
-0.408  0.0513984284
-0.4032  0.0555464984
-0.3984  0.0600293352
-0.3936  0.0648739558
-0.3888  0.0701095577
-0.384  0.0757676948
-0.3792  0.0818824674
-0.3744  0.088490728
-0.3696  0.095632303
-0.3648  0.103350233
-0.36  0.111691033
-0.3552  0.120704971
-0.3504  0.130446371
-0.3456  0.140973944
-0.3408  0.152351136
-0.336  0.164646515
-0.3312  0.177934183
-0.3264  0.192294223
-0.3216  0.207813178
-0.3168  0.224584578
-0.312  0.242709501
-0.3072  0.262297181
-0.3024  0.28346567
-0.3  0.294682192
-0.3  0.0971597785
-0.2952  0.121321473
-0.2904  0.148031823
-0.2856  0.177238389
-0.2808  0.208883835
-0.276  0.242906035
-0.2712  0.279238197
-0.2664  0.317808993
-0.2616  0.358542703
-0.2568  0.40135936
-0.252  0.446174905
-0.2472  0.492901358
-0.2424  0.541446987
-0.2376  0.591716487
-0.2328  0.64361117
-0.228  0.697029158
-0.2232  0.751865582
-0.2184  0.808012787
-0.2136  0.865360546
-0.2088  0.923796275
-0.204  0.983205254
-0.1992  1.04347085
-0.1944  1.10447476
-0.1896  1.16609721
-0.1848  1.22821723
-0.18  1.29071287
-0.1752  1.35346143
-0.1704  1.41633973
-0.1656  1.47922433
-0.1608  1.54199177
-0.156  1.60451884
-0.1512  1.66668277
-0.1464  1.72836153
-0.1416  1.78943403
-0.1368  1.84978037
-0.132  1.90928209
-0.1272  1.96782237
-0.1224  2.02528629
-0.1176  2.08156104
-0.1128  2.13653613
-0.108  2.19010364
-0.1032  2.24215841
-0.0983999999  2.29259824
-0.0935999999  2.34132411
-0.0887999999  2.38824037
-0.0839999999  2.43325491
-0.0791999999  2.47627936
-0.0743999999  2.51722925
-0.0695999999  2.55602419
-0.0647999999  2.59258802
-0.0599999999  2.62684896
-0.0551999999  2.65873974
-0.0503999999  2.68819777
-0.0455999999  2.7151652
-0.0407999999  2.7395891
-0.0359999999  2.76142151
-0.0311999999  2.78061959
-0.0263999999  2.79714563
-0.0215999999  2.81096719
-0.0167999999  2.82205715
-0.0119999999  2.83039372
-0.0071999999  2.83596054
-0.0023999999  2.83874669
0.0024000001  2.83874669
0.0072000001  2.83596054
0.0120000001  2.83039372
0.0168000001  2.82205715
0.0216000001  2.81096719
0.0264000001  2.79714563
0.0312000001  2.78061959
0.0360000001  2.76142151
0.0408000001  2.7395891
0.0456000001  2.7151652
0.0504000001  2.68819777
0.0552000001  2.65873974
0.0600000001  2.62684896
0.0648000001  2.59258802
0.0696000001  2.55602419
0.0744000001  2.51722925
0.0792000001  2.47627936
0.0840000001  2.43325491
0.0888000001  2.38824037
0.0936000001  2.34132411
0.0984000001  2.29259824
0.1032  2.2421584
0.108  2.19010363
0.1128  2.13653612
0.1176  2.08156103
0.1224  2.02528629
0.1272  1.96782237
0.132  1.90928209
0.1368  1.84978037
0.1416  1.78943402
0.1464  1.72836152
0.1512  1.66668276
0.156  1.60451883
0.1608  1.54199177
0.1656  1.47922433
0.1704  1.41633973
0.1752  1.35346143
0.18  1.29071286
0.1848  1.22821723
0.1896  1.16609721
0.1944  1.10447476
0.1992  1.04347085
0.204  0.983205252
0.2088  0.923796272
0.2136  0.865360543
0.2184  0.808012784
0.2232  0.75186558
0.228  0.697029156
0.2328  0.643611168
0.2376  0.591716485
0.2424  0.541446985
0.2472  0.492901356
0.252  0.446174903
0.2568  0.401359358
0.2616  0.358542702
0.2664  0.317808991
0.2712  0.279238195
0.276  0.242906034
0.2808  0.208883834
0.2856  0.177238388
0.2904  0.148031822
0.2952  0.121321472
0.3  0.0971597785
0.3  0.294682192
0.3048  0.272676082
0.3096  0.252313332
0.3144  0.23347122
0.3192  0.216036188
0.324  0.199903159
0.3288  0.184974904
0.3336  0.171161453
0.3384  0.158379555
0.3432  0.146552176
0.348  0.135608035
0.3528  0.125481175
0.3576  0.116110563
0.3624  0.107439724
0.3672  0.0994164009
0.372  0.0919922391
0.3768  0.0851224947
0.3816  0.0787657651
0.3864  0.0728837398
0.3912  0.0674409691
0.396  0.0624046506
0.4008  0.0577444313
0.4056  0.0534322253
0.4104  0.0494420438
0.4152  0.0457498388
0.42  0.0423333582
0.4248  0.0391720116
0.4296  0.0362467463
0.4344  0.0335399322
0.4392  0.0310352561
0.444  0.0287176228
0.4488  0.0265730644
0.4536  0.0245886561
0.4584  0.0227524384
0.4632  0.0210533446
0.468  0.0194811349
0.4728  0.0180263337
0.4776  0.0166801733
0.4824  0.0154345408
0.4872  0.0142819289
0.492  0.0132153911
0.4968  0.0122284996
0.5016  0.0113153066
0.5064  0.0104703085
0.5112  0.00968841273
0.516  0.00896490692
0.5208  0.00829543067
0.5256  0.00767594919
0.5304  0.00710272899
0.5352  0.00657231541
0.54  0.00608151176
0.5448  0.00562736006
0.5496  0.00520712324
0.5544  0.00481826864
0.5592  0.0044584527
0.564  0.00412550689
0.5688  0.00381742461
0.5736  0.00353234914
0.5784  0.00326856237
0.5832  0.00302447451
0.588  0.00279861451
0.5928  0.00258962116
0.5976  0.0023962349
0.6024  0.00221729022
0.6072  0.00205170868
0.612  0.00189849233
0.6168  0.0017567178
0.6216  0.00162553062
0.6264  0.00150414016
0.6312  0.00139181483
0.636  0.00128787767
0.6408  0.00119170227
0.6456  0.001102709
0.6504  0.00102036152
0.6552  0.000944163542
0.66  0.000873655831
0.6648  0.000808413454
0.6696  0.000748043211
0.6744  0.000692181263
0.6792  0.000640490942
0.684  0.000592660722
0.6888  0.000548402339
0.6936  0.000507449059
0.6984  0.000469554065
0.7032  0.000434488972
0.708  0.00040204245
0.7128  0.000372018952
0.7176  0.000344237531
0.7224  0.000318530755
0.7272  0.000294743695
0.732  0.000272732992
0.7368  0.000252365992
0.7416  0.000233519947
0.7464  0.000216081276
0.7512  0.000199944881
0.756  0.00018501351
0.7608  0.000171197176
0.7656  0.00015841261
0.7704  0.000146582763
0.7752  0.000135636338
0.78  0.000125507364
0.7848  0.000116134796
0.7896  0.000107462147
0.7944  0.00009943715
0.7992  0.0000920114387
0.804  0.0000851402605
0.8088  0.0000787822042
0.8136  0.0000728989513
0.8184  0.0000674550446
0.8232  0.000062417675
0.828  0.0000577564831
0.8328  0.0000534433771
0.8376  0.0000494523628
0.8424  0.0000457593872
0.8472  0.0000423421936
0.852  0.0000391801872
0.8568  0.0000362543113
0.8616  0.0000335469323
0.8664  0.0000310417335
0.8712  0.0000287236164
0.876  0.0000265786105
0.8808  0.000024593788
0.8856  0.000022757187
0.8904  0.0000210577387
0.8952  0.0000194852008
0.9  0.0000180300959
0.9048  0.0000166836546
0.9096  0.0000154377621
0.9144  0.0000142849096
0.9192  0.0000132181492
0.924  0.0000122310517
0.9288  0.0000113176682
0.9336  0.0000104724938
0.9384  0.00000969043478
0.9432  0.00000896677797
0.948  0.000008297162
0.9528  0.00000767755122
0.9576  0.00000710421139
0.9624  0.00000657368711
0.9672  0.00000608278102
0.972  0.00000562853454
0.9768  0.00000520821002
0.9816  0.00000481927425
0.9864  0.00000445938321
0.9912  0.00000412636792
0.996  0.00000381822134
1.0008  0.00000353308637
1.0056  0.00000326924454
1.0104  0.00000302510575
1.0152  0.00000279919861
1.02  0.00000259016164
1.0248  0.00000239673501
1.0296  0.00000221775299
1.0344  0.00000205213689
1.0392  0.00000189888857
1.044  0.00000175708444
1.0488  0.00000162586988
1.0536  0.00000150445409
1.0584  0.00000139210532
1.0632  0.00000128814646
1.068  0.00000119195099
1.0728  0.00000110293915
1.0776  0.00000102057448
1.0824  9.44360597e-7
1.0872  8.7383817e-7
1.092  8.08582177e-7
1.0968  7.48199335e-7
1.1016  6.92325728e-7
1.1064  6.40624618e-7
1.1112  5.92784415e-7
1.116  5.48516796e-7
1.1208  5.07554968e-7
1.1256  4.69652065e-7
1.1304  4.34579654e-7
1.1352  4.0212636e-7
1.14  3.72096595e-7
1.1448  3.44309376e-7
1.1496  3.18597235e-7
1.1544  2.94805211e-7
1.1592  2.72789914e-7
1.164  2.52418663e-7
1.1688  2.33568685e-7
1.1736  2.16126374e-7
1.1784  1.99986611e-7
1.1832  1.85052124e-7
1.188  1.71232906e-7
1.1928  1.58445672e-7
1.1976  1.46613356e-7
1.2  1.41032795e-7
