-1.25  5.78245869e-8
-1.245  6.2749181e-8
-1.24  6.80931751e-8
-1.235  7.38922871e-8
-1.23  8.01852767e-8
-1.225  8.70142048e-8
-1.22  9.44247142e-8
-1.215  1.02466335e-7
-1.21  1.11192815e-7
-1.205  1.2066248e-7
-1.2  1.30938624e-7
-1.195  1.42089928e-7
-1.19  1.54190927e-7
-1.185  1.67322499e-7
-1.18  1.81572413e-7
-1.175  1.97035912e-7
-1.17  2.1381635e-7
-1.165  2.32025884e-7
-1.16  2.51786221e-7
-1.155  2.73229434e-7
-1.15  2.96498845e-7
-1.145  3.21749981e-7
-1.14  3.49151613e-7
-1.135  3.78886888e-7
-1.13  4.11154549e-7
-1.125  4.46170264e-7
-1.12  4.84168071e-7
-1.115  5.25401937e-7
-1.11  5.70147459e-7
-1.105  6.18703704e-7
-1.1  6.71395212e-7
-1.095  7.28574158e-7
-1.09  7.90622712e-7
-1.085  8.57955593e-7
-1.08  9.31022835e-7
-1.075  0.0000010103128
-1.07  0.00000109635545
-1.065  0.00000118972586
-1.06  0.00000129104811
-1.055  0.0000014009994
-1.05  0.00000152031462
-1.045  0.00000164979125
-1.04  0.00000179029467
-1.035  0.00000194276398
-1.03  0.00000210821824
-1.025  0.00000228776331
-1.02  0.00000248259921
-1.015  0.00000269402819
-1.01  0.00000292346339
-1.005  0.00000317243829
-1  0.00000344261698
-0.995  0.00000373580527
-0.99  0.00000405396275
-0.985  0.0000043992159
-0.98  0.00000477387233
-0.975  0.00000518043613
-0.97  0.00000562162468
-0.965  0.00000610038677
-0.96  0.00000661992232
-0.955  0.0000071837038
-0.95  0.00000779549936
-0.945  0.0000084593981
-0.94  0.00000917983736
-0.935  0.00000996163237
-0.93  0.0000108100085
-0.925  0.000011730636
-0.92  0.0000127296681
-0.915  0.0000138137822
-0.91  0.0000149902242
-0.905  0.0000162668571
-0.9  0.0000176522136
-0.895  0.0000191555531
-0.89  0.0000207869236
-0.885  0.0000225572288
-0.88  0.0000244783008
-0.875  0.0000265629797
-0.87  0.000028825199
-0.865  0.0000312800787
-0.86  0.0000339440267
-0.855  0.0000368348482
-0.85  0.0000399718646
-0.845  0.000043376043
-0.84  0.0000470701361
-0.835  0.0000510788343
-0.83  0.0000554289307
-0.825  0.0000601495004
-0.82  0.0000652720943
-0.815  0.0000708309507
-0.81  0.0000768632236
-0.805  0.0000834092311
-0.8  0.0000905127252
-0.795  0.0000982211839
-0.79  0.000106586129
-0.785  0.000115663468
-0.78  0.000125513874
-0.775  0.000136203183
-0.77  0.000147802841
-0.765  0.000160390376
-0.76  0.00017404992
-0.755  0.000188872771
-0.75  0.000204958
-0.745  0.000222413118
-0.74  0.000241354789
-0.735  0.000261909617
-0.73  0.000284214982
-0.725  0.000308419971
-0.72  0.000334686361
-0.715  0.000363189712
-0.71  0.000394120533
-0.705  0.000427685557
-0.7  0.000464109126
-0.695  0.000503634684
-0.69  0.000546526412
-0.685  0.000593070986
-0.68  0.000643579499
-0.675  0.000698389538
-0.67  0.000757867439
-0.665  0.000822410737
-0.66  0.000892450824
-0.655  0.000968455831
-0.65  0.00105093376
-0.645  0.00114043586
-0.64  0.00123756036
-0.635  0.0013429564
-0.63  0.00145732842
-0.625  0.00158144087
-0.62  0.00171612328
-0.615  0.00186227582
-0.61  0.00202087536
-0.605  0.00219298192
-0.6  0.00237974583
-0.595  0.00258241537
-0.59  0.00280234514
-0.585  0.00304100508
-0.58  0.00329999034
-0.575  0.00358103192
-0.57  0.00388600823
-0.565  0.00421695764
-0.56  0.00457609216
-0.555  0.00496581214
-0.55  0.00538872237
-0.545  0.00584764948
-0.54  0.00634566083
-0.535  0.006886085
-0.53  0.00747253405
-0.525  0.00810892765
-0.52  0.00879951932
-0.515  0.00954892478
-0.51  0.0103621529
-0.505  0.011244639
-0.5  0.0122022816
-0.495  0.0132414811
-0.49  0.0143691834
-0.485  0.0155929258
-0.48  0.0169208874
-0.475  0.018361944
-0.47  0.0199257273
-0.465  0.0216226892
-0.46  0.0234641718
-0.455  0.025462483
-0.45  0.0276309792
-0.445  0.029984154
-0.44  0.0325377354
-0.435  0.0353087909
-0.43  0.0383158416
-0.425  0.0415789859
-0.42  0.0451200338
-0.415  0.0489626528
-0.41  0.0531325259
-0.405  0.0576575237
-0.4  0.06256789
-0.395  0.0678964446
-0.39  0.0736788021
-0.385  0.0799536104
-0.38  0.0867628088
-0.375  0.0941519082
-0.37  0.102170296
-0.365  0.110871564
-0.36  0.12031387
-0.355  0.130560324
-0.35  0.141679411
-0.345  0.153745448
-0.34  0.166839081
-0.335  0.181047826
-0.33  0.196466649
-0.325  0.213198606
-0.32  0.231355529
-0.315  0.251058776
-0.3125  0.261530996
-0.3125  0.0862294847
-0.3075  0.108879353
-0.3025  0.134047497
-0.2975  0.161683925
-0.2925  0.191733741
-0.2875  0.224137253
-0.2825  0.258830097
-0.2775  0.295743359
-0.2725  0.334803716
-0.2675  0.37593358
-0.2625  0.419051251
-0.2575  0.464071081
-0.2525  0.510903644
-0.2475  0.559455914
-0.2425  0.609631446
-0.2375  0.661330574
-0.2325  0.714450604
-0.2275  0.76888602
-0.2225  0.824528692
-0.2175  0.881268094
-0.2125  0.938991519
-0.2075  0.997584307
-0.2025  1.05693007
-0.1975  1.11691093
-0.1925  1.17740774
-0.1875  1.23830032
-0.1825  1.29946773
-0.1775  1.36078847
-0.1725  1.42214071
-0.1675  1.48340261
-0.1625  1.54445247
-0.1575  1.60516902
-0.1525  1.66543165
-0.1475  1.72512066
-0.1425  1.7841175
-0.1375  1.84230495
-0.1325  1.89956746
-0.1275  1.95579126
-0.1225  2.01086468
-0.1175  2.06467832
-0.1125  2.11712529
-0.1075  2.16810141
-0.1025  2.21750542
-0.0974999999  2.26523919
-0.0924999999  2.3112079
-0.0874999999  2.35532023
-0.0824999999  2.39748857
-0.0774999999  2.43762915
-0.0724999999  2.47566224
-0.0674999999  2.51151228
-0.0624999999  2.54510808
-0.0574999999  2.57638289
-0.0524999999  2.6052746
-0.0474999999  2.6317258
-0.0424999999  2.65568396
-0.0374999999  2.6771015
-0.0324999999  2.69593585
-0.0274999999  2.71214963
-0.0224999999  2.72571061
-0.0174999999  2.73659186
-0.0124999999  2.74477177
-0.0074999999  2.75023408
-0.0024999999  2.75296796
0.0025000001  2.75296796
0.0075000001  2.75023408
0.0125000001  2.74477177
0.0175000001  2.73659186
0.0225000001  2.72571061
0.0275000001  2.71214963
0.0325000001  2.69593585
0.0375000001  2.67710149
0.0425000001  2.65568396
0.0475000001  2.6317258
0.0525000001  2.60527459
0.0575000001  2.57638289
0.0625000001  2.54510808
0.0675000001  2.51151228
0.0725000001  2.47566223
0.0775000001  2.43762915
0.0825000001  2.39748857
0.0875000001  2.35532023
0.0925000001  2.31120789
0.0975000001  2.26523919
0.1025  2.21750542
0.1075  2.16810141
0.1125  2.11712529
0.1175  2.06467832
0.1225  2.01086468
0.1275  1.95579126
0.1325  1.89956745
0.1375  1.84230495
0.1425  1.78411749
0.1475  1.72512066
0.1525  1.66543165
0.1575  1.60516901
0.1625  1.54445247
0.1675  1.48340261
0.1725  1.42214071
0.1775  1.36078846
0.1825  1.29946773
0.1875  1.23830032
0.1925  1.17740773
0.1975  1.11691093
0.2025  1.05693007
0.2075  0.997584305
0.2125  0.938991517
0.2175  0.881268091
0.2225  0.82452869
0.2275  0.768886018
0.2325  0.714450602
0.2375  0.661330572
0.2425  0.609631444
0.2475  0.559455912
0.2525  0.510903643
0.2575  0.464071079
0.2625  0.419051249
0.2675  0.375933578
0.2725  0.334803715
0.2775  0.295743358
0.2825  0.258830095
0.2875  0.224137252
0.2925  0.19173374
0.2975  0.161683924
0.3025  0.134047496
0.3075  0.108879352
0.3125  0.0862294847
0.3125  0.261530996
0.3175  0.241005883
0.3225  0.222091594
0.3275  0.204661709
0.3325  0.188599733
0.3375  0.17379831
0.3425  0.160158513
0.3475  0.147589174
0.3525  0.136006286
0.3575  0.125332429
0.3625  0.115496263
0.3675  0.106432046
0.3725  0.0980791937
0.3775  0.0903818785
0.3825  0.0832886533
0.3875  0.0767521088
0.3925  0.0707285563
0.3975  0.0651777359
0.4025  0.0600625472
0.4075  0.0553488017
0.4125  0.0510049939
0.4175  0.0470020907
0.4225  0.0433133379
0.4275  0.0399140806
0.4325  0.0367815991
0.4375  0.0338949567
0.4425  0.0312348597
0.4475  0.0287835288
0.4525  0.0265245798
0.4575  0.0244429146
0.4625  0.0225246197
0.4675  0.0207568737
0.4725  0.0191278615
0.4775  0.0176266953
0.4825  0.0162433414
0.4875  0.014968554
0.4925  0.0137938127
0.4975  0.0127112659
0.5025  0.0117136779
0.5075  0.0107943813
0.5125  0.00994723167
0.5175  0.00916656684
0.5225  0.00844716906
0.5275  0.00778423006
0.5325  0.00717331891
0.5375  0.00661035245
0.5425  0.00609156794
0.5475  0.00561349796
0.5525  0.0051729472
0.5575  0.00476697114
0.5625  0.00439285632
0.5675  0.00404810227
0.5725  0.00373040472
0.5775  0.00343764028
0.5825  0.00316785216
0.5875  0.00291923718
0.5925  0.00269013366
0.5975  0.00247901033
0.6025  0.00228445608
0.6075  0.00210517056
0.6125  0.00193995549
0.6175  0.00178770659
0.6225  0.00164740629
0.6275  0.00151811683
0.6325  0.00139897409
0.6375  0.00128918175
0.6425  0.00118800598
0.6475  0.00109477054
0.6525  0.00100885228
0.6575  0.000929676933
0.6625  0.000856715318
0.6675  0.000789479775
0.6725  0.000727520919
0.6775  0.000670424631
0.6825  0.000617809296
0.6875  0.000569323244
0.6925  0.000524642407
0.6975  0.00048346815
0.7025  0.000445525273
0.7075  0.000410560177
0.7125  0.000378339163
0.7175  0.000348646873
0.7225  0.000321284853
0.7275  0.000296070221
0.7325  0.000272834449
0.7375  0.000251422234
0.7425  0.000231690463
0.7475  0.000213507254
0.7525  0.000196751074
0.7575  0.000181309929
0.7625  0.000167080615
0.7675  0.000153968026
0.7725  0.000141884521
0.7775  0.000130749337
0.7825  0.000120488049
0.7875  0.000111032073
0.7925  0.000102318208
0.7975  0.0000942882122
0.8025  0.0000868884156
0.8075  0.0000800693595
0.8125  0.0000737854671
0.8175  0.0000679947385
0.8225  0.0000626584698
0.8275  0.0000577409947
0.8325  0.0000532094461
0.8375  0.0000490335362
0.8425  0.0000451853542
0.8475  0.0000416391799
0.8525  0.0000383713116
0.8575  0.0000353599076
0.8625  0.0000325848404
0.8675  0.0000300275621
0.8725  0.0000276709807
0.8775  0.0000254993452
0.8825  0.0000234981409
0.8875  0.0000216539924
0.8925  0.0000199545739
0.8975  0.0000183885267
0.9025  0.0000169453838
0.9075  0.0000156154997
0.9125  0.0000143899858
0.9175  0.0000132606509
0.9225  0.0000122199469
0.9275  0.0000112609179
0.9325  0.0000103771542
0.9375  0.00000956274879
0.9425  0.00000881225841
0.9475  0.00000812066697
0.9525  0.00000748335206
0.9575  0.000006896054
0.9625  0.00000635484746
0.9675  0.00000585611514
0.9725  0.00000539652364
0.9775  0.00000497300116
0.9825  0.00000458271698
0.9875  0.00000422306255
0.9925  0.00000389163401
0.9975  0.00000358621619
1.0025  0.00000330476775
1.0075  0.00000304540755
1.0125  0.0000028064021
1.0175  0.00000258615395
1.0225  0.000002383191
1.0275  0.00000219615671
1.0325  0.00000202380099
1.0375  0.00000186497185
1.0425  0.00000171860771
1.0475  0.00000158373033
1.0525  0.0000014594382
1.0575  0.0000013449006
1.0625  0.00000123935198
1.0675  0.00000114208687
1.0725  0.0000010524552
1.0775  9.69857868e-7
1.0825  8.93742828e-7
1.0875  8.23601344e-7
1.0925  7.58964606e-7
1.0975  6.99400599e-7
1.1025  6.44511211e-7
1.1075  5.93929577e-7
1.1125  5.4731762e-7
1.1175  5.04363798e-7
1.1225  4.64781018e-7
1.1275  4.28304719e-7
1.1325  3.94691103e-7
1.1375  3.63715503e-7
1.1425  3.35170888e-7
1.1475  3.08866471e-7
1.1525  2.84626441e-7
1.1575  2.62288784e-7
1.1625  2.41704199e-7
1.1675  2.22735106e-7
1.1725  2.05254718e-7
1.1775  1.89146202e-7
1.1825  1.74301893e-7
1.1875  1.60622573e-7
1.1925  1.48016815e-7
1.1975  1.36400365e-7
1.2025  1.25695581e-7
1.2075  1.15830915e-7
1.2125  1.06740434e-7
1.2175  9.8363379e-8
1.2225  9.06437607e-8
1.2275  8.35299829e-8
1.2325  7.69744987e-8
1.2375  7.09334929e-8
1.2425  6.53665889e-8
1.2475  6.0236579e-8
1.25  5.78245869e-8
