-1.3  2.3927126e-8
-1.2948  2.60713777e-8
-1.2896  2.84077884e-8
-1.2844  3.09535788e-8
-1.2792  3.37275125e-8
-1.274  3.67500349e-8
-1.2688  4.00434234e-8
-1.2636  4.3631952e-8
-1.2584  4.754207e-8
-1.2532  5.18025968e-8
-1.248  5.64449346e-8
-1.2428  6.15032999e-8
-1.2376  6.70149753e-8
-1.2324  7.30205846e-8
-1.2272  7.95643921e-8
-1.222  8.66946291e-8
-1.2168  9.44638489e-8
-1.2116  1.02929314e-7
-1.2064  1.12153421e-7
-1.2012  1.22204154e-7
-1.196  1.33155593e-7
-1.1908  1.45088455e-7
-1.1856  1.58090691e-7
-1.1804  1.72258136e-7
-1.1752  1.87695209e-7
-1.17  2.04515689e-7
-1.1648  2.22843553e-7
-1.1596  2.42813885e-7
-1.1544  2.64573877e-7
-1.1492  2.88283911e-7
-1.144  3.14118741e-7
-1.1388  3.42268784e-7
-1.1336  3.72941519e-7
-1.1284  4.0636302e-7
-1.1232  4.4277962e-7
-1.118  4.82459727e-7
-1.1128  5.25695804e-7
-1.1076  5.72806522e-7
-1.1024  6.24139111e-7
-1.0972  6.80071918e-7
-1.092  7.41017195e-7
-1.0868  8.07424139e-7
-1.0816  8.79782204e-7
-1.0764  9.58624704e-7
-1.0712  0.00000104453275
-1.066  0.00000113813952
-1.0608  0.00000124013495
-1.0556  0.0000013512708
-1.0504  0.00000147236619
-1.0452  0.00000160431365
-1.04  0.00000174808571
-1.0348  0.00000190474204
-1.0296  0.00000207543726
-1.0244  0.0000022614295
-1.0192  0.00000246408961
-1.014  0.00000268491129
-1.0088  0.00000292552211
-1.0036  0.00000318769549
-0.9984  0.00000347336379
-0.9932  0.00000378463251
-0.988  0.00000412379587
-0.9828  0.00000449335367
-0.9776  0.00000489602974
-0.9724  0.000005334792
-0.9672  0.00000581287434
-0.962  0.00000633380047
-0.9568  0.00000690140989
-0.9516  0.00000751988615
-0.9464  0.00000819378774
-0.9412  0.00000892808164
-0.936  0.00000972817998
-0.9308  0.0000105999799
-0.9256  0.0000115499069
-0.9204  0.0000125849626
-0.9152  0.0000137127757
-0.91  0.0000149416588
-0.9048  0.0000162806695
-0.8996  0.0000177396768
-0.8944  0.0000193294344
-0.8892  0.0000210616596
-0.884  0.0000229491198
-0.8788  0.0000250057265
-0.8736  0.000027246638
-0.8684  0.0000296883708
-0.8632  0.0000323489217
-0.858  0.0000352479004
-0.8528  0.0000384066737
-0.8476  0.0000418485235
-0.8424  0.0000455988178
-0.8372  0.0000496851983
-0.832  0.0000541377835
-0.8268  0.0000589893913
-0.8216  0.0000642757804
-0.8164  0.0000700359142
-0.8112  0.0000763122477
-0.806  0.0000831510408
-0.8008  0.0000906026986
-0.7956  0.0000987221436
-0.7904  0.00010756922
-0.7852  0.000117209136
-0.78  0.000127712942
-0.7748  0.000139158056
-0.7696  0.000151628834
-0.7644  0.000165217193
-0.7592  0.000180023285
-0.754  0.000196156239
-0.7488  0.000213734963
-0.7436  0.00023288902
-0.7384  0.000253759586
-0.7332  0.000276500487
-0.728  0.000301279336
-0.7228  0.000328278763
-0.7176  0.00035769777
-0.7124  0.000389753188
-0.7072  0.000424681282
-0.702  0.00046273949
-0.6968  0.000504208319
-0.6916  0.000549393417
-0.6864  0.000598627818
-0.6812  0.000652274407
-0.676  0.000710728584
-0.6708  0.000774421186
-0.6656  0.000843821661
-0.6604  0.000919441523
-0.6552  0.00100183813
-0.65  0.00109161879
-0.6448  0.00118944522
-0.6396  0.00129603846
-0.6344  0.00141218415
-0.6292  0.00153873834
-0.624  0.00167663381
-0.6188  0.00182688691
-0.6136  0.00199060507
-0.6084  0.002168995
-0.6032  0.0023633715
-0.598  0.00257516723
-0.5928  0.00280594324
-0.5876  0.00305740045
-0.5824  0.00333139223
-0.5772  0.00362993804
-0.572  0.00395523832
-0.5668  0.00430969067
-0.5616  0.00469590761
-0.5564  0.00511673573
-0.5512  0.00557527676
-0.546  0.00607491037
-0.5408  0.00661931911
-0.5356  0.00721251554
-0.5304  0.00785887183
-0.5252  0.00856315193
-0.52  0.00933054675
-0.5148  0.0101667124
-0.5096  0.0110778117
-0.5044  0.0120705601
-0.4992  0.0131522746
-0.494  0.0143309279
-0.4888  0.0156152074
-0.4836  0.0170145787
-0.4784  0.018539356
-0.4732  0.0202007776
-0.468  0.022011089
-0.4628  0.0239836332
-0.4576  0.0261329488
-0.4524  0.0284748773
-0.4472  0.0310266799
-0.442  0.0338071647
-0.4368  0.0368368251
-0.4316  0.0401379915
-0.4264  0.0437349949
-0.4212  0.0476543471
-0.416  0.0519249357
-0.4108  0.0565782371
-0.4056  0.0616485484
-0.4004  0.0671732403
-0.3952  0.0731930327
-0.39  0.0797522944
-0.3848  0.0868993703
-0.3796  0.0946869382
-0.3744  0.103172396
-0.3692  0.112418286
-0.364  0.122492756
-0.3588  0.133470058
-0.3536  0.145431101
-0.3484  0.158464044
-0.3432  0.172664947
-0.338  0.188138477
-0.3328  0.204998681
-0.3276  0.223369828
-0.325  0.233163857
-0.325  0.0768765446
-0.3198  0.0981446619
-0.3146  0.121897003
-0.3094  0.148085883
-0.3042  0.176658723
-0.299  0.207558161
-0.2938  0.240722161
-0.2886  0.276084142
-0.2834  0.313573112
-0.2782  0.353113806
-0.273  0.394626841
-0.2678  0.438028874
-0.2626  0.483232771
-0.2574  0.530147778
-0.2522  0.578679709
-0.247  0.628731128
-0.2418  0.680201552
-0.2366  0.732987647
-0.2314  0.786983438
-0.2262  0.842080522
-0.221  0.898168284
-0.2158  0.955134121
-0.2106  1.01286367
-0.2054  1.07124102
-0.2002  1.13014899
-0.195  1.1894693
-0.1898  1.24908286
-0.1846  1.30886999
-0.1794  1.36871066
-0.1742  1.42848473
-0.169  1.4880722
-0.1638  1.54735344
-0.1586  1.60620943
-0.1534  1.66452201
-0.1482  1.72217412
-0.143  1.77905001
-0.1378  1.83503548
-0.1326  1.89001816
-0.1274  1.94388764
-0.1222  1.99653579
-0.117  2.04785689
-0.1118  2.09774793
-0.1066  2.14610874
-0.1014  2.19284222
-0.0961999999  2.23785455
-0.0909999999  2.28105537
-0.0857999999  2.32235794
-0.0805999999  2.36167935
-0.0753999999  2.39894064
-0.0701999999  2.43406702
-0.0649999999  2.46698797
-0.0597999999  2.49763738
-0.0545999999  2.52595373
-0.0493999999  2.55188018
-0.0441999999  2.57536466
-0.0389999999  2.59636003
-0.0337999999  2.61482414
-0.0285999999  2.63071992
-0.0233999999  2.64401546
-0.0181999999  2.65468406
-0.0129999999  2.66270431
-0.0077999999  2.66806011
-0.0025999999  2.6707407
0.0026000001  2.6707407
0.0078000001  2.66806011
0.0130000001  2.66270431
0.0182000001  2.65468406
0.0234000001  2.64401546
0.0286000001  2.63071992
0.0338000001  2.61482414
0.0390000001  2.59636003
0.0442000001  2.57536466
0.0494000001  2.55188017
0.0546000001  2.52595373
0.0598000001  2.49763738
0.0650000001  2.46698797
0.0702000001  2.43406702
0.0754000001  2.39894064
0.0806000001  2.36167934
0.0858000001  2.32235794
0.0910000001  2.28105537
0.0962000001  2.23785455
0.1014  2.19284221
0.1066  2.14610873
0.1118  2.09774793
0.117  2.04785689
0.1222  1.99653578
0.1274  1.94388764
0.1326  1.89001816
0.1378  1.83503548
0.143  1.77905
0.1482  1.72217412
0.1534  1.66452201
0.1586  1.60620943
0.1638  1.54735344
0.169  1.4880722
0.1742  1.42848473
0.1794  1.36871066
0.1846  1.30886999
0.1898  1.24908286
0.195  1.1894693
0.2002  1.13014899
0.2054  1.07124102
0.2106  1.01286367
0.2158  0.955134119
0.221  0.898168282
0.2262  0.84208052
0.2314  0.786983436
0.2366  0.732987645
0.2418  0.68020155
0.247  0.628731126
0.2522  0.578679707
0.2574  0.530147776
0.2626  0.483232769
0.2678  0.438028872
0.273  0.394626839
0.2782  0.353113804
0.2834  0.313573111
0.2886  0.276084141
0.2938  0.240722159
0.299  0.20755816
0.3042  0.176658722
0.3094  0.148085882
0.3146  0.121897002
0.3198  0.0981446611
0.325  0.0768765446
0.325  0.233163857
0.3302  0.213987196
0.3354  0.196387727
0.3406  0.180235734
0.3458  0.165412169
0.351  0.151807774
0.3562  0.139322279
0.3614  0.127863658
0.3666  0.117347457
0.3718  0.107696165
0.377  0.0988386475
0.3822  0.0907096205
0.3874  0.0832491689
0.3926  0.0764023053
0.3978  0.0701185649
0.403  0.0643516335
0.4082  0.0590590058
0.4134  0.0542016725
0.4186  0.0497438327
0.4238  0.0456526298
0.429  0.0418979097
0.4342  0.0384519982
0.4394  0.0352894971
0.4446  0.0323870973
0.4498  0.0297234066
0.455  0.0272787922
0.4602  0.0250352363
0.4654  0.0229762025
0.4706  0.0210865149
0.4758  0.0193522454
0.481  0.0177606117
0.4862  0.0162998826
0.4914  0.0149592917
0.4966  0.0137289584
0.5018  0.0125998143
0.507  0.0115635372
0.5122  0.0106124891
0.5174  0.00973966039
0.5226  0.00893861784
0.5278  0.00820345738
0.533  0.00752876051
0.5382  0.00690955437
0.5434  0.00634127511
0.5486  0.00581973422
0.5538  0.00534108768
0.559  0.00490180764
0.5642  0.00449865636
0.5694  0.00412866244
0.5746  0.00378909883
0.5798  0.00347746277
0.585  0.00319145735
0.5902  0.00292897458
0.5954  0.0026880798
0.6006  0.00246699753
0.6058  0.00226409826
0.611  0.00207788653
0.6162  0.00190698986
0.6214  0.00175014866
0.6266  0.00160620693
0.6318  0.00147410375
0.637  0.00135286546
0.6422  0.00124159846
0.6474  0.00113948266
0.6526  0.00104576542
0.6578  0.000959755995
0.663  0.000880820452
0.6682  0.000808376996
0.6734  0.000741891683
0.6786  0.000680874483
0.6838  0.00062487567
0.689  0.000573482502
0.6942  0.000526316188
0.6994  0.000483029087
0.7046  0.000443302153
0.7098  0.000406842577
0.715  0.000373381635
0.7202  0.000342672702
0.7254  0.000314489439
0.7306  0.00028862412
0.7358  0.000264886105
0.741  0.000243100434
0.7462  0.000223106535
0.7514  0.000204757042
0.7566  0.000187916711
0.7618  0.000172461421
0.767  0.000158277257
0.7722  0.000145259676
0.7774  0.000133312732
0.7826  0.000122348369
0.7878  0.000112285775
0.793  0.000103050783
0.7982  0.0000945753274
0.8034  0.0000867969391
0.8086  0.0000796582876
0.8138  0.0000731067576
0.819  0.0000670940609
0.8242  0.0000615758811
0.8294  0.0000565115464
0.8346  0.00005186373
0.8398  0.0000475981753
0.845  0.0000436834429
0.8502  0.0000400906794
0.8554  0.0000367934043
0.8606  0.000033767315
0.8658  0.0000309901077
0.871  0.000028441313
0.8762  0.000026102145
0.8814  0.0000239553629
0.8866  0.0000219851438
0.8918  0.0000201769662
0.897  0.000018517503
0.9022  0.000016994523
0.9074  0.0000155968012
0.9126  0.0000143140356
0.9178  0.0000131367716
0.923  0.0000120563322
0.9282  0.000011064754
0.9334  0.0000101547285
0.9386  0.00000931954852
0.9438  0.00000855305825
0.949  0.00000784960831
0.9542  0.0000072040139
0.9594  0.00000661151669
0.9646  0.00000606774967
0.9698  0.00000556870499
0.975  0.00000511070446
0.9802  0.00000469037238
0.9854  0.00000430461069
0.9906  0.00000395057614
0.9958  0.00000362565931
1.001  0.00000332746541
1.0062  0.00000305379659
1.0114  0.00000280263578
1.0166  0.0000025721318
1.0218  0.00000236058571
1.027  0.00000216643833
1.0322  0.00000198825868
1.0374  0.00000182473349
1.0426  0.0000016746575
1.0478  0.00000153692458
1.053  0.00000141051956
1.0582  0.00000129451077
1.0634  0.00000118804318
1.0686  0.00000109033206
1.0738  0.00000100065723
1.079  9.18357746e-7
1.0842  8.42827019e-7
1.0894  7.7350835e-7
1.0946  7.09890824e-7
1.0998  6.51505548e-7
1.105  5.97922195e-7
1.1102  5.48745828e-7
1.1154  5.03613992e-7
1.1206  4.62194043e-7
1.1258  4.24180696e-7
1.131  3.89293772e-7
1.1362  3.57276139e-7
1.1414  3.2789181e-7
1.1466  3.00924207e-7
1.1518  2.76174567e-7
1.157  2.53460471e-7
1.1622  2.32614506e-7
1.1674  2.13483026e-7
1.1726  1.95925023e-7
1.1778  1.79811086e-7
1.183  1.65022446e-7
1.1882  1.51450104e-7
1.1934  1.38994025e-7
1.1986  1.27562402e-7
1.2038  1.17070977e-7
1.209  1.07442425e-7
1.2142  9.86057764e-8
1.2194  9.0495902e-8
1.2246  8.30530278e-8
1.2298  7.62222959e-8
1.235  6.99533605e-8
1.2402  6.42000163e-8
1.2454  5.89198585e-8
1.2506  5.40739694e-8
1.2558  4.96266326e-8
1.261  4.55450689e-8
1.2662  4.17991952e-8
1.2714  3.83614025e-8
1.2766  3.52063525e-8
1.2818  3.23107909e-8
1.287  2.96533761e-8
1.2922  2.72145214e-8
1.2974  2.49762514e-8
1.3  2.3927126e-8
