-1.35  9.98527169e-9
-1.3446  1.09244953e-8
-1.3392  1.19520632e-8
-1.3338  1.3076285e-8
-1.3284  1.43062522e-8
-1.323  1.56519111e-8
-1.3176  1.7124144e-8
-1.3122  1.87348564e-8
-1.3068  2.04970739e-8
-1.3014  2.24250471e-8
-1.296  2.45343672e-8
-1.2906  2.68420919e-8
-1.2852  2.93668832e-8
-1.2798  3.21291587e-8
-1.2744  3.51512563e-8
-1.269  3.84576152e-8
-1.2636  4.20749731e-8
-1.2582  4.60325829e-8
-1.2528  5.03624492e-8
-1.2474  5.50995865e-8
-1.242  6.02823032e-8
-1.2366  6.59525109e-8
-1.2312  7.21560635e-8
-1.2258  7.89431278e-8
-1.2204  8.63685895e-8
-1.215  9.44924969e-8
-1.2096  1.03380546e-7
-1.2042  1.13104613e-7
-1.1988  1.23743335e-7
-1.1934  1.35382745e-7
-1.188  1.48116968e-7
-1.1826  1.62048983e-7
-1.1772  1.77291456e-7
-1.1718  1.9396765e-7
-1.1664  2.12212422e-7
-1.161  2.32173314e-7
-1.1556  2.54011745e-7
-1.1502  2.77904318e-7
-1.1448  3.04044249e-7
-1.1394  3.32642925e-7
-1.134  3.63931618e-7
-1.1286  3.98163354e-7
-1.1232  4.35614957e-7
-1.1178  4.76589292e-7
-1.1124  5.21417711e-7
-1.107  5.7046273e-7
-1.1016  6.24120968e-7
-1.0962  6.82826348e-7
-1.0908  7.4705361e-7
-1.0854  8.17322145e-7
-1.08  8.94200202e-7
-1.0746  9.78309478e-7
-1.0692  0.00000107033015
-1.0638  0.00000117100637
-1.0584  0.00000128115228
-1.053  0.00000140165862
-1.0476  0.00000153349989
-1.0422  0.00000167774227
-1.0368  0.00000183555222
-1.0314  0.00000200820591
-1.026  0.00000219709957
-1.0206  0.00000240376074
-1.0152  0.00000262986063
-1.0098  0.00000287722769
-1.0044  0.00000314786232
-0.999  0.00000344395309
-0.9936  0.00000376789442
-0.9882  0.00000412230596
-0.9828  0.00000451005377
-0.9774  0.00000493427349
-0.972  0.0000053983957
-0.9666  0.00000590617366
-0.9612  0.00000646171367
-0.9558  0.00000706950828
-0.9504  0.0000077344726
-0.945  0.00000846198405
-0.9396  0.00000925792589
-0.9342  0.0000101287347
-0.9288  0.0000110814527
-0.9234  0.0000121237841
-0.918  0.0000132641581
-0.9126  0.0000145117968
-0.9072  0.0000158767895
-0.9018  0.0000173701746
-0.8964  0.0000190040288
-0.891  0.0000207915649
-0.8856  0.0000227472382
-0.8802  0.0000248868639
-0.8748  0.0000272277448
-0.8694  0.000029788811
-0.864  0.0000325907733
-0.8586  0.0000356562908
-0.8532  0.0000390101537
-0.8478  0.0000426794838
-0.8424  0.0000466939545
-0.837  0.0000510860299
-0.8316  0.0000558912279
-0.8262  0.0000611484072
-0.8208  0.0000669000814
-0.8154  0.0000731927633
-0.81  0.0000800773406
-0.8046  0.0000876094873
-0.7992  0.0000958501146
-0.7938  0.000104865863
-0.7884  0.00011472964
-0.783  0.000125521213
-0.7776  0.000137327852
-0.7722  0.000150245033
-0.7668  0.000164377216
-0.7614  0.000179838685
-0.756  0.000196754474
-0.7506  0.000215261377
-0.7452  0.000235509056
-0.7398  0.00025766125
-0.7344  0.000281897099
-0.729  0.000308412594
-0.7236  0.000337422161
-0.7182  0.000369160393
-0.7128  0.000403883952
-0.7074  0.00044187364
-0.702  0.000483436673
-0.6966  0.000528909162
-0.6912  0.000578658834
-0.6858  0.000633088005
-0.6804  0.000692636833
-0.675  0.000757786877
-0.6696  0.000829064993
-0.6642  0.000907047593
-0.6588  0.000992365307
-0.6534  0.00108570808
-0.648  0.00118783076
-0.6426  0.00129955919
-0.6372  0.0014217969
-0.6318  0.0015555324
-0.6264  0.00170184718
-0.621  0.00186192445
-0.6156  0.00203705874
-0.6102  0.00222866632
-0.6048  0.00243829669
-0.5994  0.00266764507
-0.594  0.00291856617
-0.5886  0.00319308913
-0.5832  0.00349343397
-0.5778  0.00382202951
-0.5724  0.00418153305
-0.567  0.00457485182
-0.5616  0.0050051665
-0.5562  0.00547595697
-0.5508  0.00599103041
-0.5454  0.00655455213
-0.54  0.0071710792
-0.5346  0.00784559737
-0.5292  0.00858356132
-0.5238  0.00939093883
-0.5184  0.010274259
-0.513  0.0112406651
-0.5076  0.0122979721
-0.5022  0.0134547305
-0.4968  0.0147202945
-0.4914  0.0161048987
-0.486  0.01761974
-0.4806  0.0192770686
-0.4752  0.021090287
-0.4698  0.0230740584
-0.4644  0.0252444251
-0.459  0.0276189385
-0.4536  0.0302168007
-0.4482  0.0330590202
-0.4428  0.0361685814
-0.4374  0.0395706307
-0.432  0.0432926799
-0.4266  0.0473648283
-0.4212  0.0518200068
-0.4158  0.0566942433
-0.4104  0.0620269548
-0.405  0.0678612661
-0.3996  0.0742443579
-0.3942  0.081227849
-0.3888  0.0888682137
-0.3834  0.0972272379
-0.378  0.106372519
-0.3726  0.116378014
-0.3672  0.127324635
-0.3618  0.139300905
-0.3564  0.152403674
-0.351  0.166738901
-0.3456  0.182422512
-0.3402  0.199581337
-0.3375  0.208756822
-0.3375  0.0688292916
-0.3321  0.0888335149
-0.3267  0.111285353
-0.3213  0.136139293
-0.3159  0.163344951
-0.3105  0.192847175
-0.3051  0.22458616
-0.2997  0.258497566
-0.2943  0.294512647
-0.2889  0.332558394
-0.2835  0.372557683
-0.2781  0.414429426
-0.2727  0.458088743
-0.2673  0.503447129
-0.2619  0.550412633
-0.2565  0.598890048
-0.2511  0.648781102
-0.2457  0.699984657
-0.2403  0.752396913
-0.2349  0.805911622
-0.2295  0.8604203
-0.2241  0.915812447
-0.2187  0.971975775
-0.2133  1.02879643
-0.2079  1.08615922
-0.2025  1.14394788
-0.1971  1.20204524
-0.1917  1.26033353
-0.1863  1.3186946
-0.1809  1.37701013
-0.1755  1.43516191
-0.1701  1.49303206
-0.1647  1.55050326
-0.1593  1.60745901
-0.1539  1.66378384
-0.1485  1.71936358
-0.1431  1.77408556
-0.1377  1.82783885
-0.1323  1.88051447
-0.1269  1.93200565
-0.1215  1.982208
-0.1161  2.03101976
-0.1107  2.07834197
-0.1053  2.1240787
-0.0998999999  2.16813724
-0.0944999999  2.21042827
-0.0890999999  2.25086606
-0.0836999999  2.28936864
-0.0782999999  2.32585795
-0.0728999999  2.36026003
-0.0674999999  2.39250513
-0.0620999999  2.42252789
-0.0566999999  2.45026744
-0.0512999999  2.47566756
-0.0458999999  2.49867675
-0.0404999999  2.51924837
-0.0350999999  2.53734072
-0.0296999999  2.55291712
-0.0242999999  2.56594599
-0.0188999999  2.57640092
-0.0134999999  2.58426072
-0.0080999999  2.58950946
-0.0026999999  2.59213649
0.0027000001  2.59213649
0.0081000001  2.58950946
0.0135000001  2.58426072
0.0189000001  2.57640092
0.0243000001  2.56594599
0.0297000001  2.55291712
0.0351000001  2.53734072
0.0405000001  2.51924837
0.0459000001  2.49867675
0.0513000001  2.47566756
0.0567000001  2.45026744
0.0621000001  2.42252789
0.0675000001  2.39250513
0.0729000001  2.36026003
0.0783000001  2.32585795
0.0837000001  2.28936864
0.0891000001  2.25086606
0.0945000001  2.21042827
0.0999000001  2.16813724
0.1053  2.1240787
0.1107  2.07834196
0.1161  2.03101976
0.1215  1.982208
0.1269  1.93200565
0.1323  1.88051447
0.1377  1.82783885
0.1431  1.77408556
0.1485  1.71936358
0.1539  1.66378384
0.1593  1.60745901
0.1647  1.55050326
0.1701  1.49303206
0.1755  1.43516191
0.1809  1.37701013
0.1863  1.3186946
0.1917  1.26033353
0.1971  1.20204523
0.2025  1.14394787
0.2079  1.08615922
0.2133  1.02879643
0.2187  0.971975773
0.2241  0.915812445
0.2295  0.860420298
0.2349  0.80591162
0.2403  0.752396911
0.2457  0.699984655
0.2511  0.6487811
0.2565  0.598890046
0.2619  0.550412631
0.2673  0.503447127
0.2727  0.458088742
0.2781  0.414429425
0.2835  0.372557681
0.2889  0.332558393
0.2943  0.294512645
0.2997  0.258497565
0.3051  0.224586159
0.3105  0.192847174
0.3159  0.16334495
0.3213  0.136139292
0.3267  0.111285353
0.3321  0.0888335142
0.3375  0.0688292916
0.3375  0.208756822
0.3429  0.190809142
0.3483  0.174404498
0.3537  0.159410228
0.3591  0.145705077
0.3645  0.133178215
0.3699  0.121728337
0.3753  0.111262853
0.3807  0.10169713
0.3861  0.0929538106
0.3915  0.0849621904
0.3969  0.0776576426
0.4023  0.0709810967
0.4077  0.0648785609
0.4131  0.059300685
0.4185  0.054202362
0.4239  0.0495423628
0.4293  0.0452830027
0.4347  0.0413898374
0.4401  0.0378313834
0.4455  0.0345788643
0.4509  0.0316059776
0.4563  0.0288886821
0.4617  0.0264050037
0.4671  0.0241348573
0.4725  0.0220598846
0.4779  0.0201633059
0.4833  0.0184297839
0.4887  0.0168452998
0.4941  0.0153970403
0.4995  0.0140732936
0.5049  0.0128633549
0.5103  0.0117574395
0.5157  0.0107466043
0.5211  0.00982267464
0.5265  0.00897817904
0.5319  0.00820628818
0.5373  0.00750075994
0.5427  0.00685588886
0.5481  0.00626645999
0.5535  0.00572770674
0.5589  0.00523527231
0.5643  0.00478517449
0.5697  0.00437377342
0.5751  0.00399774219
0.5805  0.00365403991
0.5859  0.00333988712
0.5913  0.00305274333
0.5967  0.00279028647
0.6021  0.0025503941
0.6075  0.00233112627
0.6129  0.00213070979
0.6183  0.00194752393
0.6237  0.00178008732
0.6291  0.00162704591
0.6345  0.00148716211
0.6399  0.00135930468
0.6453  0.00124243969
0.6507  0.00113562205
0.6561  0.00103798797
0.6615  0.000948747889
0.6669  0.000867180144
0.6723  0.000792625112
0.6777  0.000724479882
0.6831  0.000662193377
0.6885  0.000605261897
0.6939  0.000553225051
0.6993  0.000505662025
0.7047  0.000462188188
0.7101  0.000422451975
0.7155  0.000386132047
0.7209  0.000352934692
0.7263  0.00032259145
0.7317  0.00029485694
0.7371  0.00026950688
0.7425  0.000246336269
0.7479  0.00022515773
0.7533  0.000205799997
0.7587  0.000188106528
0.7641  0.000171934238
0.7695  0.000157152347
0.7749  0.000143641316
0.7803  0.000131291883
0.7857  0.000120004181
0.7911  0.00010968693
0.7965  0.000100256695
0.8019  0.0000916372159
0.8073  0.0000837587888
0.8127  0.0000765577024
0.8181  0.0000699757229
0.8235  0.0000639596231
0.8289  0.0000584607521
0.8343  0.0000534346416
0.8397  0.0000488406464
0.8451  0.0000446416158
0.8505  0.0000408035931
0.8559  0.000037295541
0.8613  0.0000340890904
0.8667  0.0000311583116
0.8721  0.0000284795038
0.8775  0.0000260310041
0.8829  0.000023793012
0.8883  0.0000217474292
0.8937  0.0000198777136
0.8991  0.000018168745
0.9045  0.0000166067035
0.9099  0.0000151789572
0.9153  0.00001387396
0.9207  0.0000126811588
0.9261  0.0000115909076
0.9315  0.0000105943897
0.9369  0.00000968354661
0.9423  0.00000885101241
0.9477  0.00000809005459
0.9531  0.00000739451944
0.9585  0.00000675878229
0.9639  0.00000617770207
0.9693  0.0000056465797
0.9747  0.00000516112009
0.9801  0.00000471739744
0.9855  0.00000431182344
0.9909  0.00000394111831
0.9963  0.00000360228421
1.0017  0.00000329258107
1.0071  0.00000300950438
1.0125  0.00000275076495
1.0179  0.00000251427041
1.0233  0.00000229810828
1.0287  0.00000210053049
1.0341  0.00000191993927
1.0395  0.00000175487422
1.0449  0.00000160400049
1.0503  0.00000146609799
1.0557  0.00000134005154
1.0611  0.00000122484181
1.0665  0.00000111953714
1.0719  0.00000102328594
1.0773  9.35309856e-7
1.0827  8.54897434e-7
1.0881  7.81398397e-7
1.0935  7.14218374e-7
1.0989  6.52814092e-7
1.1043  5.96688988e-7
1.1097  5.4538919e-7
1.1151  4.98499846e-7
1.1205  4.5564177e-7
1.1259  4.1646838e-7
1.1313  3.80662886e-7
1.1367  3.47935737e-7
1.1421  3.18022275e-7
1.1475  2.90680597e-7
1.1529  2.65689594e-7
1.1583  2.42847171e-7
1.1637  2.21968604e-7
1.1691  2.02885053e-7
1.1745  1.85442193e-7
1.1799  1.69498968e-7
1.1853  1.54926447e-7
1.1907  1.41606785e-7
1.1961  1.29432269e-7
1.2015  1.18304446e-7
1.2069  1.08133328e-7
1.2123  9.88366626e-8
1.2177  9.03392695e-8
1.2231  8.25724322e-8
1.2285  7.54733417e-8
1.2339  6.89845891e-8
1.2393  6.30537012e-8
1.2447  5.7632716e-8
1.2501  5.26777952e-8
1.2555  4.81488692e-8
1.2609  4.40093135e-8
1.2663  4.02256524e-8
1.2717  3.67672882e-8
1.2771  3.36062537e-8
1.2825  3.07169863e-8
1.2879  2.80761211e-8
1.2933  2.56623018e-8
1.2987  2.34560086e-8
1.3041  2.14393993e-8
1.3095  1.95961663e-8
1.3149  1.79114035e-8
1.3203  1.63714868e-8
1.3257  1.49639629e-8
1.3311  1.36774497e-8
1.3365  1.25015433e-8
1.3419  1.14267343e-8
1.3473  1.04443312e-8
1.35  9.98527169e-9
