-1.4  4.19998798e-9
-1.3944  4.61369147e-9
-1.3888  5.06814522e-9
-1.3832  5.56736316e-9
-1.3776  6.11575463e-9
-1.372  6.71816327e-9
-1.3664  7.37990982e-9
-1.3608  8.10683915e-9
-1.3552  8.90537183e-9
-1.3496  9.78256087e-9
-1.344  1.0746154e-8
-1.3384  1.18046621e-8
-1.3328  1.29674345e-8
-1.3272  1.42447412e-8
-1.3216  1.56478641e-8
-1.316  1.71891961e-8
-1.3104  1.8882351e-8
-1.3048  2.07422836e-8
-1.2992  2.27854216e-8
-1.2936  2.5029811e-8
-1.288  2.74952753e-8
-1.2824  3.02035905e-8
-1.2768  3.31786778e-8
-1.2712  3.64468144e-8
-1.2656  4.00368662e-8
-1.26  4.39805421e-8
-1.2544  4.83126744e-8
-1.2488  5.30715266e-8
-1.2432  5.8299131e-8
-1.2376  6.40416603e-8
-1.232  7.03498351e-8
-1.2264  7.72793722e-8
-1.2208  8.48914763e-8
-1.2152  9.32533812e-8
-1.2096  1.02438943e-7
-1.204  1.12529293e-7
-1.1984  1.23613554e-7
-1.1928  1.35789626e-7
-1.1872  1.49165055e-7
-1.1816  1.63857979e-7
-1.176  1.79998173e-7
-1.1704  1.97728193e-7
-1.1648  2.1720464e-7
-1.1592  2.38599539e-7
-1.1536  2.62101859e-7
-1.148  2.87919184e-7
-1.1424  3.16279544e-7
-1.1368  3.47433431e-7
-1.1312  3.8165601e-7
-1.1256  4.19249552e-7
-1.12  4.60546099e-7
-1.1144  5.05910402e-7
-1.1088  5.5574314e-7
-1.1032  6.10484458e-7
-1.0976  6.70617856e-7
-1.092  7.36674461e-7
-1.0864  8.09237715e-7
-1.0808  8.88948531e-7
-1.0752  9.7651095e-7
-1.0696  0.00000107269837
-1.064  0.00000117836035
-1.0584  0.00000129443015
-1.0528  0.00000142193296
-1.0472  0.00000156199494
-1.0416  0.00000171585318
-1.036  0.00000188486663
-1.0304  0.00000207052809
-1.0248  0.00000227447741
-1.0192  0.00000249851597
-1.0136  0.00000274462257
-1.008  0.00000301497095
-1.0024  0.00000331194895
-0.9968  0.0000036381796
-0.9912  0.00000399654434
-0.9856  0.00000439020841
-0.98  0.00000482264882
-0.9744  0.0000052976851
-0.9688  0.00000581951297
-0.9632  0.00000639274148
-0.9576  0.00000702243363
-0.952  0.00000771415115
-0.9464  0.00000847400363
-0.9408  0.00000930870241
-0.9352  0.00001022562
-0.9296  0.0000112328549
-0.924  0.0000123393036
-0.9184  0.0000135547387
-0.9128  0.0000148898956
-0.9072  0.0000163565669
-0.9016  0.0000179677069
-0.896  0.0000197375461
-0.8904  0.0000216817163
-0.8848  0.0000238173895
-0.8792  0.0000261634289
-0.8736  0.0000287405557
-0.868  0.0000315715324
-0.8624  0.0000346813635
-0.8568  0.0000380975164
-0.8512  0.0000418501642
-0.8456  0.0000459724519
-0.84  0.0000505007896
-0.8344  0.0000554751736
-0.8288  0.0000609395399
-0.8232  0.0000669421524
-0.8176  0.0000735360289
-0.812  0.0000807794096
-0.8064  0.0000887362713
-0.8008  0.0000974768928
-0.7952  0.000107078475
-0.7896  0.000117625824
-0.784  0.000129212099
-0.7784  0.000141939634
-0.7728  0.000155920846
-0.7672  0.000171279223
-0.7616  0.000188150417
-0.756  0.000206683442
-0.7504  0.000227041992
-0.7448  0.00024940588
-0.7392  0.000273972637
-0.7336  0.000300959247
-0.728  0.000330604067
-0.7224  0.000363168936
-0.7168  0.00039894148
-0.7112  0.00043823766
-0.7056  0.000481404557
-0.7  0.000528823442
-0.6944  0.000580913139
-0.6888  0.00063813373
-0.6832  0.000700990613
-0.6776  0.000770038968
-0.672  0.000845888663
-0.6664  0.000929209638
-0.6608  0.00102073782
-0.6552  0.00112128163
-0.6496  0.00123172912
-0.644  0.00135305581
-0.6384  0.00148633331
-0.6328  0.0016327388
-0.6272  0.00179356539
-0.6216  0.00197023357
-0.616  0.00216430377
-0.6104  0.0023774901
-0.6048  0.00261167552
-0.5992  0.00286892847
-0.5936  0.00315152112
-0.588  0.00346194945
-0.5824  0.00380295533
-0.5768  0.00417755066
-0.5712  0.00458904405
-0.5656  0.00504106999
-0.56  0.005537621
-0.5544  0.00608308283
-0.5488  0.00668227325
-0.5432  0.00734048461
-0.5376  0.00806353051
-0.532  0.00885779724
-0.5264  0.00973030012
-0.5208  0.0106887455
-0.5152  0.0117415988
-0.5096  0.0128981594
-0.504  0.0141686424
-0.4984  0.0155642695
-0.4928  0.0170973674
-0.4872  0.0187814771
-0.4816  0.0206314735
-0.476  0.0226636966
-0.4704  0.0248960959
-0.4648  0.027348389
-0.4592  0.0300422358
-0.4536  0.0330014294
-0.448  0.036252107
-0.4424  0.0398229798
-0.4368  0.0437455877
-0.4312  0.0480545767
-0.4256  0.052788006
-0.42  0.0579876834
-0.4144  0.0636995347
-0.4088  0.0699740097
-0.4032  0.0768665276
-0.3976  0.0844379661
-0.392  0.0927551997
-0.3864  0.10189169
-0.3808  0.111928135
-0.3752  0.122953181
-0.3696  0.135064206
-0.364  0.148368181
-0.3584  0.162982611
-0.3528  0.17903658
-0.35  0.187647171
-0.35  0.0618692208
-0.3444  0.0807159564
-0.3388  0.101971999
-0.3332  0.125593875
-0.3276  0.151533272
-0.322  0.179737139
-0.3164  0.21014779
-0.3108  0.24270303
-0.3052  0.277336275
-0.2996  0.313976693
-0.294  0.352549344
-0.2884  0.39297534
-0.2828  0.435171998
-0.2772  0.479053017
-0.2716  0.52452865
-0.266  0.571505889
-0.2604  0.619888653
-0.2548  0.66957799
-0.2492  0.720472272
-0.2436  0.772467409
-0.238  0.825457058
-0.2324  0.879332843
-0.2268  0.933984576
-0.2212  0.989300481
-0.2156  1.04516742
-0.21  1.10147114
-0.2044  1.15809648
-0.1988  1.21492763
-0.1932  1.27184836
-0.1876  1.32874225
-0.182  1.38549294
-0.1764  1.44198436
-0.1708  1.49810097
-0.1652  1.553728
-0.1596  1.60875169
-0.154  1.66305948
-0.1484  1.71654032
-0.1428  1.76908482
-0.1372  1.82058552
-0.1316  1.87093708
-0.126  1.92003652
-0.1204  1.96778342
-0.1148  2.01408014
-0.1092  2.05883198
-0.1036  2.10194741
-0.0979999999  2.14333825
-0.0923999999  2.18291985
-0.0867999999  2.22061126
-0.0811999999  2.25633539
-0.0755999999  2.29001916
-0.0699999999  2.3215937
-0.0643999999  2.35099443
-0.0587999999  2.3781612
-0.0531999999  2.40303847
-0.0475999999  2.42557535
-0.0419999999  2.44572574
-0.0363999999  2.46344844
-0.0307999999  2.4787072
-0.0251999999  2.49147081
-0.0195999999  2.50171316
-0.0139999999  2.50941331
-0.0083999999  2.51455551
-0.0027999999  2.51712924
0.0028000001  2.51712924
0.0084000001  2.51455551
0.0140000001  2.50941331
0.0196000001  2.50171316
0.0252000001  2.49147081
0.0308000001  2.4787072
0.0364000001  2.46344844
0.0420000001  2.44572574
0.0476000001  2.42557535
0.0532000001  2.40303847
0.0588000001  2.3781612
0.0644000001  2.35099442
0.0700000001  2.3215937
0.0756000001  2.29001916
0.0812000001  2.25633538
0.0868000001  2.22061126
0.0924000001  2.18291985
0.0980000001  2.14333825
0.1036  2.10194741
0.1092  2.05883197
0.1148  2.01408014
0.1204  1.96778342
0.126  1.92003652
0.1316  1.87093707
0.1372  1.82058552
0.1428  1.76908482
0.1484  1.71654032
0.154  1.66305948
0.1596  1.60875168
0.1652  1.553728
0.1708  1.49810097
0.1764  1.44198436
0.182  1.38549294
0.1876  1.32874225
0.1932  1.27184836
0.1988  1.21492763
0.2044  1.15809648
0.21  1.10147114
0.2156  1.04516742
0.2212  0.989300479
0.2268  0.933984574
0.2324  0.879332841
0.238  0.825457056
0.2436  0.772467407
0.2492  0.72047227
0.2548  0.669577988
0.2604  0.619888652
0.266  0.571505887
0.2716  0.524528648
0.2772  0.479053015
0.2828  0.435171996
0.2884  0.392975338
0.294  0.352549343
0.2996  0.313976692
0.3052  0.277336274
0.3108  0.242703029
0.3164  0.210147789
0.322  0.179737137
0.3276  0.151533271
0.3332  0.125593874
0.3388  0.101971998
0.3444  0.0807159557
0.35  0.0618692208
0.35  0.187647171
0.3556  0.170821103
0.3612  0.155503805
0.3668  0.141559989
0.3724  0.128866495
0.378  0.117311211
0.3836  0.106792073
0.3892  0.0972161715
0.3948  0.0884989285
0.4004  0.080563349
0.406  0.0733393422
0.4116  0.0667631023
0.4172  0.060776545
0.4228  0.0553267942
0.4284  0.0503657152
0.434  0.0458494895
0.4396  0.0417382276
0.4452  0.0379956171
0.4508  0.0345886013
0.4564  0.0314870881
0.462  0.0286636834
0.4676  0.0260934496
0.4732  0.0237536852
0.4788  0.0216237243
0.4844  0.0196847541
0.49  0.0179196487
0.4956  0.016312818
0.5012  0.0148500696
0.5068  0.0135184839
0.5124  0.0123062997
0.518  0.0112028104
0.5236  0.0101982695
0.5292  0.00928380444
0.5348  0.00845133822
0.5404  0.00769351813
0.546  0.00700365074
0.5516  0.00637564282
0.5572  0.00580394753
0.5628  0.00528351539
0.5684  0.00480974969
0.574  0.00437846592
0.5796  0.00398585479
0.5852  0.00362844857
0.5908  0.00330309048
0.5964  0.00300690681
0.602  0.00273728154
0.6076  0.00249183319
0.6132  0.00226839387
0.6188  0.00206499006
0.6244  0.00187982518
0.63  0.00171126379
0.6356  0.00155781708
0.6412  0.00141812972
0.6468  0.00129096794
0.6524  0.00117520859
0.658  0.00106982922
0.6636  0.000973899078
0.6692  0.000886570862
0.6748  0.000807073249
0.6804  0.000734704079
0.686  0.000668824156
0.6916  0.000608851596
0.6972  0.000554256695
0.7028  0.000504557245
0.7084  0.000459314277
0.714  0.000418128186
0.7196  0.000380635195
0.7252  0.000346504151
0.7308  0.000315433591
0.7364  0.000287149087
0.742  0.000261400815
0.7476  0.000237961357
0.7532  0.000216623683
0.7588  0.00019719933
0.7644  0.000179516732
0.77  0.000163419709
0.7756  0.000148766084
0.7812  0.00013542643
0.7868  0.000123282925
0.7924  0.000112228311
0.798  0.00010216495
0.8036  0.0000930039566
0.8092  0.0000846644173
0.8148  0.0000770726732
0.8204  0.0000701616706
0.826  0.0000638703682
0.8316  0.0000581431985
0.8372  0.0000529295763
0.8428  0.0000481834526
0.8484  0.0000438629074
0.854  0.0000399297797
0.8596  0.0000363493302
0.8652  0.0000330899348
0.8708  0.000030122805
0.8764  0.0000274217337
0.882  0.0000249628638
0.8876  0.0000227244775
0.8932  0.0000206868043
0.8988  0.0000188318464
0.9044  0.0000171432202
0.91  0.0000156060108
0.9156  0.0000142066408
0.9212  0.0000129327505
0.9268  0.0000117730882
0.9324  0.0000107174113
0.938  0.00000975639547
0.9436  0.00000888155265
0.9492  0.00000808515581
0.9548  0.00000736017079
0.9604  0.00000670019421
0.966  0.00000609939683
0.9716  0.00000555247215
0.9772  0.00000505458946
0.9828  0.00000460135124
0.9884  0.00000418875428
0.994  0.00000381315434
0.9996  0.00000347123393
1.0052  0.00000315997307
1.0108  0.00000287662255
1.0164  0.00000261867968
1.022  0.00000238386621
1.0276  0.00000217010814
1.0332  0.00000197551747
1.0388  0.00000179837549
1.0444  0.00000163711758
1.05  0.00000149031946
1.0556  0.00000135668452
1.0612  0.00000123503245
1.0668  0.00000112428876
1.0724  0.0000010234753
1.078  9.31701652e-7
1.0836  8.48157222e-7
1.0892  7.72104108e-7
1.0948  7.02870575e-7
1.1004  6.39845118e-7
1.106  5.8247107e-7
1.1116  5.30241675e-7
1.1172  4.82695619e-7
1.1228  4.39412954e-7
1.1284  4.00011387e-7
1.134  3.64142906e-7
1.1396  3.31490703e-7
1.1452  3.01766379e-7
1.1508  2.74707395e-7
1.1564  2.50074753e-7
1.162  2.27650887e-7
1.1676  2.07237739e-7
1.1732  1.88655011e-7
1.1788  1.71738571e-7
1.1844  1.56339005e-7
1.19  1.42320297e-7
1.1956  1.29558628e-7
1.2012  1.17941281e-7
1.2068  1.07365645e-7
1.2124  9.77383126e-8
1.218  8.89742499e-8
1.2236  8.0996049e-8
1.2292  7.37332425e-8
1.2348  6.71216822e-8
1.2404  6.11029715e-8
1.246  5.56239505e-8
1.2516  5.06362259e-8
1.2572  4.60957438e-8
1.2628  4.19624006e-8
1.2684  3.81996888e-8
1.274  3.47743742e-8
1.2796  3.1656203e-8
1.2852  2.8817634e-8
1.2908  2.62335956e-8
1.2964  2.38812645e-8
1.302  2.17398637e-8
1.3076  1.97904795e-8
1.3132  1.80158939e-8
1.3188  1.6400433e-8
1.3244  1.49298283e-8
1.33  1.35910907e-8
1.3356  1.2372396e-8
1.3412  1.12629799e-8
1.3468  1.02530437e-8
1.3524  9.33366709e-9
1.358  8.49672976e-9
1.3636  7.73483946e-9
1.3692  7.04126684e-9
1.3748  6.40988594e-9
1.3804  5.83512012e-9
1.386  5.31189277e-9
1.3916  4.83558251e-9
1.3972  4.40198235e-9
1.4  4.19998798e-9
