-1.5  7.59102003e-10
-1.494  8.4060971e-10
-1.488  9.30869213e-10
-1.482  1.03082023e-9
-1.476  1.14150337e-9
-1.47  1.26407098e-9
-1.464  1.39979915e-9
-1.458  1.55010098e-9
-1.452  1.71654129e-9
-1.446  1.90085295e-9
-1.44  2.10495485e-9
-1.434  2.33097196e-9
-1.428  2.5812574e-9
-1.422  2.85841696e-9
-1.416  3.1653362e-9
-1.41  3.50521054e-9
-1.404  3.8815785e-9
-1.398  4.29835854e-9
-1.392  4.75988986e-9
-1.386  5.27097757e-9
-1.38  5.83694274e-9
-1.374  6.46367777e-9
-1.368  7.15770776e-9
-1.362  7.92625842e-9
-1.356  8.77733132e-9
-1.35  9.7197872e-9
-1.344  1.07634382e-8
-1.338  1.191915e-8
-1.332  1.31989551e-8
-1.326  1.46161778e-8
-1.32  1.61855731e-8
-1.314  1.79234804e-8
-1.308  1.98479936e-8
-1.302  2.19791491e-8
-1.296  2.4339135e-8
-1.29  2.69525217e-8
-1.284  2.98465178e-8
-1.278  3.30512534e-8
-1.272  3.66000939e-8
-1.266  4.0529987e-8
-1.26  4.48818478e-8
-1.254  4.97009847e-8
-1.248  5.50375709e-8
-1.242  6.0947167e-8
-1.236  6.74912991e-8
-1.23  7.47380999e-8
-1.224  8.27630177e-8
-1.218  9.16496018e-8
-1.212  1.01490373e-7
-1.206  1.12387785e-7
-1.2  1.24455294e-7
-1.194  1.37818539e-7
-1.188  1.52616646e-7
-1.182  1.69003684e-7
-1.176  1.8715026e-7
-1.17  2.07245305e-7
-1.164  2.29498032e-7
-1.158  2.5414012e-7
-1.152  2.81428123e-7
-1.146  3.11646145e-7
-1.14  3.45108793e-7
-1.134  3.82164453e-7
-1.128  4.23198923e-7
-1.122  4.68639422e-7
-1.116  5.18959042e-7
-1.11  5.74681674e-7
-1.104  6.3638746e-7
-1.098  7.04718833e-7
-1.092  7.80387209e-7
-1.086  8.64180391e-7
-1.08  9.56970769e-7
-1.074  0.00000105972441
-1.068  0.0000011735111
-1.062  0.00000129951551
-1.056  0.00000143904949
-1.05  0.00000159356578
-1.044  0.00000176467308
-1.038  0.00000195415283
-1.032  0.00000216397775
-1.026  0.00000239633238
-1.02  0.00000265363582
-1.014  0.00000293856692
-1.008  0.00000325409217
-1.002  0.00000360349658
-0.996  0.00000399041789
-0.99  0.00000441888444
-0.984  0.00000489335708
-0.978  0.00000541877569
-0.972  0.00000600061051
-0.966  0.00000664491918
-0.96  0.00000735840975
-0.954  0.00000814851056
-0.948  0.00000902344753
-0.942  0.00000999232986
-0.936  0.0000110652448
-0.93  0.0000122533628
-0.924  0.0000135690536
-0.918  0.0000150260151
-0.912  0.0000166394163
-0.906  0.0000184260545
-0.9  0.0000204045309
-0.894  0.000022595444
-0.888  0.0000250216039
-0.882  0.0000277082699
-0.876  0.0000306834136
-0.87  0.00003397801
-0.864  0.0000376263598
-0.858  0.0000416664471
-0.852  0.000046140334
-0.846  0.0000510945994
-0.84  0.0000565808234
-0.834  0.0000626561244
-0.828  0.0000693837539
-0.822  0.0000768337549
-0.816  0.0000850836912
-0.81  0.0000942194549
-0.804  0.000104336161
-0.798  0.000115539136
-0.792  0.000127945019
-0.786  0.000141682968
-0.78  0.000156896014
-0.774  0.000173742544
-0.768  0.00019239795
-0.762  0.00021305646
-0.756  0.000235933152
-0.75  0.000261266204
-0.744  0.000289319363
-0.738  0.000320384698
-0.732  0.000354785637
-0.726  0.000392880338
-0.72  0.000435065413
-0.714  0.000481780063
-0.708  0.000533510645
-0.702  0.000590795738
-0.696  0.000654231753
-0.69  0.000724479136
-0.684  0.000802269253
-0.678  0.000888411993
-0.672  0.000983804212
-0.666  0.00108943906
-0.66  0.00120641633
-0.654  0.0013359539
-0.648  0.00147940042
-0.642  0.00163824934
-0.636  0.00181415448
-0.63  0.00200894724
-0.624  0.00222465564
-0.618  0.00246352549
-0.612  0.00272804372
-0.606  0.00302096428
-0.6  0.00334533685
-0.594  0.00370453856
-0.588  0.00410230914
-0.582  0.00454278988
-0.576  0.00503056673
-0.57  0.00557071806
-0.564  0.00616886752
-0.558  0.00683124259
-0.552  0.00756473943
-0.546  0.00837699465
-0.54  0.00927646484
-0.534  0.0102725146
-0.528  0.0113755141
-0.522  0.0125969469
-0.516  0.0139495296
-0.51  0.0154473443
-0.504  0.0171059852
-0.498  0.0189427207
-0.492  0.0209766736
-0.486  0.0232290199
-0.48  0.0257232093
-0.474  0.0284852093
-0.468  0.031543776
-0.462  0.0349307528
-0.456  0.0386814023
-0.45  0.0428347735
-0.444  0.0474341081
-0.438  0.0525272911
-0.432  0.0581673487
-0.426  0.064413001
-0.42  0.0713292731
-0.414  0.078988172
-0.408  0.0874694364
-0.402  0.0968613668
-0.396  0.107261745
-0.39  0.118778852
-0.384  0.131532595
-0.378  0.145655756
-0.375  0.15327622
-0.375  0.0505367614
-0.369  0.0673466848
-0.363  0.0864866727
-0.357  0.107916961
-0.351  0.131593029
-0.345  0.157465689
-0.339  0.18548119
-0.333  0.215581329
-0.327  0.247703574
-0.321  0.281781189
-0.315  0.317743379
-0.309  0.355515432
-0.303  0.395018875
-0.297  0.43617164
-0.291  0.478888231
-0.285  0.523079905
-0.279  0.568654853
-0.273  0.615518391
-0.267  0.663573161
-0.261  0.712719329
-0.255  0.762854792
-0.249  0.813875394
-0.243  0.865675138
-0.237  0.918146411
-0.231  0.971180203
-0.225  1.02466633
-0.219  1.07849369
-0.213  1.13255044
-0.207  1.18672428
-0.201  1.24090267
-0.195  1.29497304
-0.189  1.34882308
-0.183  1.40234089
-0.177  1.45541531
-0.171  1.50793606
-0.165  1.55979404
-0.159  1.6108815
-0.153  1.66109232
-0.147  1.71032218
-0.141  1.75846881
-0.135  1.80543217
-0.129  1.85111471
-0.123  1.89542151
-0.117  1.93826053
-0.111  1.97954278
-0.105  2.01918247
-0.0989999999  2.05709728
-0.0929999999  2.09320842
-0.0869999999  2.12744087
-0.0809999999  2.15972352
-0.0749999999  2.1899893
-0.0689999999  2.21817533
-0.0629999999  2.24422305
-0.0569999999  2.26807836
-0.0509999999  2.28969168
-0.0449999999  2.30901813
-0.0389999999  2.32601754
-0.0329999999  2.3406546
-0.0269999999  2.3528989
-0.0209999999  2.36272501
-0.0149999999  2.37011251
-0.0089999999  2.37504605
-0.0029999999  2.37751539
0.0030000001  2.37751539
0.0090000001  2.37504605
0.0150000001  2.37011251
0.0210000001  2.36272501
0.0270000001  2.3528989
0.0330000001  2.3406546
0.0390000001  2.32601753
0.0450000001  2.30901812
0.0510000001  2.28969168
0.0570000001  2.26807836
0.0630000001  2.24422305
0.0690000001  2.21817533
0.0750000001  2.1899893
0.0810000001  2.15972352
0.0870000001  2.12744087
0.0930000001  2.09320842
0.0990000001  2.05709728
0.105  2.01918247
0.111  1.97954277
0.117  1.93826053
0.123  1.89542151
0.129  1.8511147
0.135  1.80543217
0.141  1.7584688
0.147  1.71032218
0.153  1.66109232
0.159  1.6108815
0.165  1.55979404
0.171  1.50793606
0.177  1.45541531
0.183  1.40234089
0.189  1.34882307
0.195  1.29497304
0.201  1.24090267
0.207  1.18672428
0.213  1.13255044
0.219  1.07849369
0.225  1.02466633
0.231  0.971180201
0.237  0.91814641
0.243  0.865675137
0.249  0.813875392
0.255  0.76285479
0.261  0.712719327
0.267  0.66357316
0.273  0.615518389
0.279  0.568654851
0.285  0.523079904
0.291  0.47888823
0.297  0.436171639
0.303  0.395018874
0.309  0.355515431
0.315  0.317743378
0.321  0.281781188
0.327  0.247703573
0.333  0.215581328
0.339  0.185481189
0.345  0.157465688
0.351  0.131593028
0.357  0.107916961
0.363  0.086486672
0.369  0.0673466842
0.375  0.0505367614
0.375  0.15327622
0.381  0.138414159
0.387  0.124993162
0.393  0.112873499
0.399  0.101928991
0.405  0.0920456903
0.411  0.0831207004
0.417  0.0750611008
0.423  0.067782981
0.429  0.0612105666
0.435  0.0552754307
0.441  0.049915781
0.447  0.0450758168
0.453  0.0407051482
0.459  0.0367582711
0.465  0.0331940934
0.471  0.0299755076
0.477  0.0270690043
0.483  0.0244443232
0.489  0.0220741379
0.495  0.019933772
0.501  0.0180009416
0.507  0.0162555234
0.513  0.0146793455
0.519  0.0132559979
0.525  0.0119706619
0.531  0.0108099553
0.537  0.00976179389
0.543  0.00881526493
0.549  0.00796051388
0.555  0.00718864173
0.561  0.0064916123
0.567  0.00586216867
0.573  0.00529375752
0.579  0.00478046101
0.585  0.00431693506
0.591  0.00389835379
0.597  0.00352035926
0.603  0.00317901605
0.609  0.00287077038
0.615  0.00259241301
0.621  0.00234104589
0.627  0.00211405198
0.633  0.001909068
0.639  0.00172395979
0.645  0.00155680016
0.651  0.00140584876
0.657  0.001269534
0.663  0.00114643668
0.669  0.00103527519
0.675  0.000934892216
0.681  0.000844242632
0.687  0.000762382667
0.693  0.000688460058
0.699  0.000621705178
0.705  0.000561423025
0.711  0.000506985986
0.717  0.000457827305
0.723  0.000413435177
0.729  0.000373347425
0.735  0.000337146687
0.741  0.000304456066
0.747  0.000274935213
0.753  0.000248276778
0.759  0.000224203215
0.765  0.000202463888
0.771  0.000182832462
0.777  0.00016510455
0.783  0.000149095583
0.789  0.000134638887
0.795  0.00012158395
0.801  0.000109794853
0.807  0.0000991488585
0.813  0.0000895351269
0.819  0.0000808535678
0.825  0.0000730137953
0.831  0.0000659341876
0.837  0.000059541037
0.843  0.000053767783
0.849  0.0000485543187
0.855  0.0000438463655
0.861  0.0000395949077
0.867  0.0000357556824
0.873  0.0000322887183
0.879  0.0000291579201
0.885  0.0000263306922
0.891  0.0000237775997
0.897  0.0000214720617
0.903  0.0000193900747
0.909  0.0000175099625
0.915  0.000015812151
0.921  0.0000142789636
0.927  0.0000128944381
0.933  0.0000116441598
0.939  0.0000105151118
0.945  0.00000949553914
0.951  0.00000857482694
0.957  0.00000774338939
0.963  0.00000699257018
0.969  0.00000631455237
0.975  0.00000570227692
0.981  0.0000051493693
0.987  0.00000465007304
0.993  0.00000419918985
0.999  0.00000379202547
1.005  0.0000034243408
1.011  0.0000030923078
1.017  0.00000279246958
1.023  0.00000252170446
1.029  0.00000227719343
1.035  0.00000205639082
1.041  0.00000185699781
1.047  0.00000167693847
1.053  0.00000151433815
1.059  0.00000136750398
1.065  0.00000123490723
1.071  0.00000111516741
1.077  0.00000100703787
1.083  9.09392856e-7
1.089  8.21215757e-7
1.095  7.41588538e-7
1.101  6.69682182e-7
1.107  6.04748054e-7
1.113  5.46110107e-7
1.119  4.93157849e-7
1.125  4.4533998e-7
1.131  4.02158655e-7
1.137  3.63164305e-7
1.143  3.27950948e-7
1.149  2.9615197e-7
1.155  2.67436304e-7
1.161  2.41504983e-7
1.167  2.18088031e-7
1.173  1.96941647e-7
1.179  1.77845672e-7
1.185  1.60601293e-7
1.191  1.45028973e-7
1.197  1.30966586e-7
1.203  1.18267725e-7
1.209  1.06800178e-7
1.215  9.64445549e-8
1.221  8.70930397e-8
1.227  7.86482717e-8
1.233  7.10223305e-8
1.239  6.41358203e-8
1.245  5.79170442e-8
1.251  5.23012567e-8
1.257  4.72299907e-8
1.263  4.26504478e-8
1.269  3.85149493e-8
1.275  3.47804395e-8
1.281  3.14080375e-8
1.287  2.83626324e-8
1.293  2.56125177e-8
1.299  2.31290612e-8
1.305  2.08864072e-8
1.311  1.88612068e-8
1.317  1.70323751e-8
1.323  1.53808716e-8
1.329  1.38895022e-8
1.335  1.25427399e-8
1.341  1.13265632e-8
1.347  1.02283101e-8
1.353  9.23654655e-9
1.359  8.34094694e-9
1.365  7.532187e-9
1.371  6.80184653e-9
1.377  6.14232178e-9
1.383  5.54674626e-9
1.389  5.0089193e-9
1.395  4.52324144e-9
1.401  4.08465617e-9
1.407  3.68859727e-9
1.413  3.33094127e-9
1.419  3.00796453e-9
1.425  2.71630445e-9
1.431  2.4529245e-9
1.437  2.21508255e-9
1.443  2.00030238e-9
1.449  1.80634785e-9
1.455  1.63119966e-9
1.461  1.47303429e-9
1.467  1.33020505e-9
1.473  1.2012249e-9
1.479  1.08475101e-9
1.485  9.79570726e-10
1.491  8.84588997e-10
1.497  7.98816944e-10
1.5  7.59102003e-10
