-1.6  1.40698919e-10
-1.5936  1.57054596e-10
-1.5872  1.75311555e-10
-1.5808  1.95690812e-10
-1.5744  2.18439073e-10
-1.568  2.43831728e-10
-1.5616  2.72176177e-10
-1.5552  3.03815551e-10
-1.5488  3.39132875e-10
-1.5424  3.78555694e-10
-1.536  4.22561256e-10
-1.5296  4.71682286e-10
-1.5232  5.26513436e-10
-1.5168  5.87718484e-10
-1.5104  6.5603837e-10
-1.504  7.32300166e-10
-1.4976  8.17427086e-10
-1.4912  9.12449665e-10
-1.4848  1.01851823e-9
-1.4784  1.13691684e-9
-1.472  1.2690788e-9
-1.4656  1.41660406e-9
-1.4592  1.58127853e-9
-1.4528  1.76509573e-9
-1.4464  1.97028094e-9
-1.44  2.1993181e-9
-1.4336  2.45497989e-9
-1.4272  2.74036134e-9
-1.4208  3.05891721e-9
-1.4144  3.41450391e-9
-1.408  3.81142612e-9
-1.4016  4.25448892e-9
-1.3952  4.74905598e-9
-1.3888  5.30111445e-9
-1.3824  5.91734747e-9
-1.376  6.60521508e-9
-1.3696  7.3730445e-9
-1.3632  8.23013098e-9
-1.3568  9.18685027e-9
-1.3504  1.02547843e-8
-1.344  1.14468613e-8
-1.3376  1.27775125e-8
-1.3312  1.42628464e-8
-1.3248  1.59208443e-8
-1.3184  1.77715778e-8
-1.312  1.98374515e-8
-1.3056  2.21434747e-8
-1.2992  2.47175637e-8
-1.2928  2.75908801e-8
-1.2864  3.07982078e-8
-1.28  3.43783744e-8
-1.2736  3.83747208e-8
-1.2672  4.28356262e-8
-1.2608  4.78150937e-8
-1.2544  5.33734041e-8
-1.248  5.95778456e-8
-1.2416  6.65035281e-8
-1.2352  7.42342931e-8
-1.2288  8.28637282e-8
-1.2224  9.24963e-8
-1.216  1.03248619e-7
-1.2096  1.15250852e-7
-1.2032  1.28648295e-7
-1.1968  1.43603137e-7
-1.1904  1.60296418e-7
-1.184  1.78930226e-7
-1.1776  1.99730138e-7
-1.1712  2.22947955e-7
-1.1648  2.48864749e-7
-1.1584  2.77794265e-7
-1.152  3.1008672e-7
-1.1456  3.46133042e-7
-1.1392  3.86369602e-7
-1.1328  4.31283499e-7
-1.1264  4.81418454e-7
-1.12  5.37381394e-7
-1.1136  5.99849798e-7
-1.1072  6.695799e-7
-1.1008  7.47415844e-7
-1.0944  8.342999e-7
-1.088  9.31283874e-7
-1.0816  0.00000103954184
-1.0752  0.00000116038436
-1.0688  0.00000129527433
-1.0624  0.00000144584471
-1.056  0.00000161391828
-1.0496  0.00000180152972
-1.0432  0.00000201095024
-1.0368  0.00000224471503
-1.0304  0.00000250565404
-1.024  0.00000279692614
-1.0176  0.00000312205745
-1.0112  0.00000348498394
-1.0048  0.00000389009917
-0.9984  0.0000043423074
-0.992  0.000004847083
-0.9856  0.00000541053671
-0.9792  0.00000603948962
-0.9728  0.00000674155576
-0.9664  0.00000752523423
-0.96  0.00000840001214
-0.9536  0.00000937647943
-0.9472  0.0000104664571
-0.9408  0.0000116831402
-0.9344  0.0000130412578
-0.928  0.000014557251
-0.9216  0.0000162494723
-0.9152  0.0000181384075
-0.9088  0.0000202469237
-0.9024  0.0000226005463
-0.896  0.000025227768
-0.8896  0.0000281603936
-0.8832  0.000031433925
-0.8768  0.0000350879911
-0.8704  0.0000391668275
-0.864  0.0000437198121
-0.8576  0.0000488020627
-0.8512  0.0000544751042
-0.8448  0.0000608076138
-0.8384  0.000067876252
-0.832  0.0000757665905
-0.8256  0.0000845741489
-0.8192  0.0000944055502
-0.8128  0.000105379812
-0.8064  0.000117629787
-0.8  0.000131303772
-0.7936  0.000146567302
-0.7872  0.000163605156
-0.7808  0.00018262359
-0.7744  0.000203852841
-0.768  0.000227549906
-0.7616  0.000254001658
-0.7552  0.000283528319
-0.7488  0.000316487335
-0.7424  0.000353277702
-0.736  0.000394344799
-0.7296  0.000440185781
-0.7232  0.00049135559
-0.7168  0.000548473681
-0.7104  0.000612231519
-0.704  0.000683400946
-0.6976  0.00076284353
-0.6912  0.000851520991
-0.6848  0.000950506848
-0.6784  0.00106099941
-0.672  0.00118433628
-0.6656  0.00132201056
-0.6592  0.00147568892
-0.6528  0.00164723176
-0.6464  0.00183871576
-0.64  0.002052459
-0.6336  0.00229104902
-0.6272  0.00255737417
-0.6208  0.00285465853
-0.6144  0.00318650098
-0.608  0.00355691878
-0.6016  0.00397039614
-0.5952  0.00443193857
-0.5888  0.00494713342
-0.5824  0.00552221759
-0.576  0.00616415295
-0.5696  0.00688071069
-0.5632  0.00768056536
-0.5568  0.00857339989
-0.5504  0.0095700228
-0.544  0.0106824991
-0.5376  0.0119242962
-0.5312  0.0133104472
-0.5248  0.0148577326
-0.5184  0.0165848837
-0.512  0.0185128091
-0.5056  0.0206648479
-0.4992  0.0230670525
-0.4928  0.0257485037
-0.4864  0.0287416627
-0.48  0.0320827642
-0.4736  0.0358122552
-0.4672  0.0399752844
-0.4608  0.0446222489
-0.4544  0.0498094041
-0.448  0.0555995449
-0.4416  0.0620627662
-0.4352  0.0692773107
-0.4288  0.0773305167
-0.4224  0.0863198751
-0.416  0.09635421
-0.4096  0.107554995
-0.4032  0.120057827
-0.4  0.126844144
-0.4  0.0418218313
-0.3936  0.0569070723
-0.3872  0.0742424144
-0.3808  0.0937913572
-0.3744  0.11551274
-0.368  0.139360827
-0.3616  0.165285405
-0.3552  0.193231889
-0.3488  0.223141436
-0.3424  0.254951072
-0.336  0.288593818
-0.3296  0.32399884
-0.3232  0.361091589
-0.3168  0.399793967
-0.3104  0.440024483
-0.304  0.481698431
-0.2976  0.524728064
-0.2912  0.569022781
-0.2848  0.614489318
-0.2784  0.661031944
-0.272  0.708552661
-0.2656  0.756951413
-0.2592  0.806126293
-0.2528  0.855973761
-0.2464  0.906388863
-0.24  0.957265447
-0.2336  1.00849639
-0.2272  1.05997382
-0.2208  1.11158936
-0.2144  1.16323432
-0.208  1.21479996
-0.2016  1.26617771
-0.1952  1.31725939
-0.1888  1.36793745
-0.1824  1.41810519
-0.176  1.46765696
-0.1696  1.51648844
-0.1632  1.56449682
-0.1568  1.611581
-0.1504  1.65764185
-0.144  1.7025824
-0.1376  1.746308
-0.1312  1.7887266
-0.1248  1.82974889
-0.1184  1.86928848
-0.112  1.90726213
-0.1056  1.94358988
-0.0991999999  1.97819525
-0.0927999999  2.01100536
-0.0863999999  2.04195114
-0.0799999999  2.07096743
-0.0735999999  2.09799313
-0.0671999999  2.12297134
-0.0607999999  2.14584947
-0.0543999999  2.16657934
-0.0479999999  2.18511731
-0.0415999999  2.20142435
-0.0351999999  2.21546612
-0.0287999999  2.22721305
-0.0223999999  2.23664042
-0.0159999999  2.24372837
-0.0095999999  2.24846197
-0.0031999999  2.25083127
0.0032000001  2.25083127
0.0096000001  2.24846197
0.0160000001  2.24372837
0.0224000001  2.23664042
0.0288000001  2.22721305
0.0352000001  2.21546612
0.0416000001  2.20142435
0.0480000001  2.18511731
0.0544000001  2.16657934
0.0608000001  2.14584946
0.0672000001  2.12297134
0.0736000001  2.09799313
0.0800000001  2.07096743
0.0864000001  2.04195114
0.0928000001  2.01100536
0.0992000001  1.97819525
0.1056  1.94358988
0.112  1.90726213
0.1184  1.86928848
0.1248  1.82974888
0.1312  1.7887266
0.1376  1.746308
0.144  1.70258239
0.1504  1.65764185
0.1568  1.611581
0.1632  1.56449682
0.1696  1.51648844
0.176  1.46765696
0.1824  1.41810518
0.1888  1.36793745
0.1952  1.31725939
0.2016  1.26617771
0.208  1.21479996
0.2144  1.16323432
0.2208  1.11158936
0.2272  1.05997382
0.2336  1.00849639
0.24  0.957265445
0.2464  0.906388861
0.2528  0.85597376
0.2592  0.806126291
0.2656  0.756951411
0.272  0.70855266
0.2784  0.661031943
0.2848  0.614489317
0.2912  0.56902278
0.2976  0.524728062
0.304  0.481698429
0.3104  0.440024482
0.3168  0.399793966
0.3232  0.361091588
0.3296  0.323998839
0.336  0.288593817
0.3424  0.254951071
0.3488  0.223141435
0.3552  0.193231888
0.3616  0.165285404
0.368  0.139360826
0.3744  0.115512739
0.3808  0.0937913565
0.3872  0.0742424138
0.3936  0.0569070718
0.4  0.0418218313
0.4  0.126844144
0.4064  0.113634585
0.4128  0.101800671
0.4192  0.091199141
0.4256  0.0817016554
0.432  0.0731932387
0.4384  0.0655708892
0.4448  0.0587423317
0.4512  0.0526249008
0.4576  0.0471445395
0.464  0.0422349036
0.4704  0.0378365574
0.4768  0.0338962554
0.4832  0.0303662968
0.4896  0.0272039483
0.496  0.024370927
0.5024  0.0218329368
0.5088  0.0195592531
0.5152  0.017522351
0.5216  0.015697572
0.528  0.0140628256
0.5344  0.0125983219
0.5408  0.0112863317
0.5472  0.0101109722
0.5536  0.00905801478
0.56  0.00811471243
0.5664  0.00726964565
0.5728  0.00651258419
0.5792  0.00583436317
0.5856  0.00522677214
0.592  0.00468245569
0.5984  0.00419482439
0.6048  0.00375797505
0.6112  0.00336661924
0.6176  0.00301601925
0.624  0.00270193078
0.6304  0.0024205515
0.6368  0.00216847508
0.6432  0.00194264992
0.6496  0.0017403422
0.656  0.00155910283
0.6624  0.00139673774
0.6688  0.00125128137
0.6752  0.00112097283
0.6816  0.00100423463
0.688  0.00089965356
0.6944  0.000805963569
0.7008  0.000722030461
0.7072  0.000646838153
0.7136  0.000579476378
0.72  0.000519129663
0.7264  0.00046506746
0.7328  0.000416635299
0.7392  0.000373246867
0.7456  0.000334376909
0.752  0.000299554872
0.7584  0.000268359205
0.7648  0.000240412256
0.7712  0.000215375705
0.7776  0.000192946463
0.784  0.000172853003
0.7904  0.000154852078
0.7968  0.000138725771
0.8032  0.000124278858
0.8096  0.000111336448
0.816  0.0000997418621
0.8224  0.0000893547369
0.8288  0.0000800493277
0.8352  0.0000717129846
0.8416  0.0000642447888
0.848  0.0000575543316
0.8544  0.000051560619
0.8608  0.0000461910922
0.8672  0.0000413807483
0.8736  0.000037071354
0.88  0.0000332107403
0.8864  0.0000297521712
0.8928  0.0000266537778
0.8992  0.0000238780514
0.9056  0.0000213913892
0.912  0.0000191636883
0.9184  0.0000171679803
0.9248  0.0000153801055
0.9312  0.0000137784202
0.9376  0.0000123435344
0.944  0.0000110580778
0.9504  0.00000990648873
0.9568  0.00000887482623
0.9632  0.00000795060114
0.9696  0.00000712262492
0.976  0.00000638087421
0.9824  0.00000571636948
0.9888  0.00000512106632
0.9952  0.00000458775808
1.0016  0.0000041099886
1.008  0.00000368197407
1.0144  0.00000329853301
1.0208  0.00000295502353
1.0272  0.00000264728715
1.0336  0.00000237159846
1.04  0.00000212462001
1.0464  0.00000190336192
1.0528  0.00000170514566
1.0592  0.00000152757166
1.0656  0.00000136849023
1.072  0.00000122597555
1.0784  0.00000109830237
1.0848  9.83925072e-7
1.0912  8.81459039e-7
1.0976  7.89663827e-7
1.104  7.07428175e-7
1.1104  6.3375655e-7
1.1168  5.67757094e-7
1.1232  5.08630827e-7
1.1296  4.55661973e-7
1.136  4.082093e-7
1.1424  3.65698352e-7
1.1488  3.27614498e-7
1.1552  2.93496698e-7
1.1616  2.6293193e-7
1.168  2.35550178e-7
1.1744  2.11019965e-7
1.1808  1.89044329e-7
1.1872  1.69357238e-7
1.1936  1.51720362e-7
1.2  1.35920192e-7
1.2064  1.21765453e-7
1.2128  1.09084789e-7
1.2192  9.77246908e-8
1.2256  8.75476339e-8
1.232  7.84304166e-8
1.2384  7.0262667e-8
1.2448  6.29455074e-8
1.2512  5.63903574e-8
1.2576  5.05178612e-8
1.264  4.52569273e-8
1.2704  4.05438674e-8
1.2768  3.63216259e-8
1.2832  3.2539089e-8
1.2896  2.91504657e-8
1.296  2.6114734e-8
1.3024  2.33951436e-8
1.3088  2.09587715e-8
1.3152  1.87761234e-8
1.3216  1.68207765e-8
1.328  1.50690595e-8
1.3344  1.34997665e-8
1.3408  1.20938998e-8
1.3472  1.08344401e-8
1.3536  9.7061407e-9
1.36  8.69534246e-9
1.3664  7.78980882e-9
1.3728  6.97857753e-9
1.3792  6.25182793e-9
1.3856  5.60076209e-9
1.392  5.01749829e-9
1.3984  4.49497563e-9
1.4048  4.02686852e-9
1.4112  3.60751012e-9
1.4176  3.23182374e-9
1.424  2.89526137e-9
1.4304  2.59374863e-9
1.4368  2.32363544e-9
1.4432  2.08165187e-9
1.4496  1.86486848e-9
1.456  1.67066094e-9
1.4624  1.49667818e-9
1.4688  1.340814e-9
1.4752  1.20118152e-9
1.4816  1.07609039e-9
1.488  9.64026251e-10
1.4944  8.63632483e-10
1.5008  7.73693729e-10
1.5072  6.93121205e-10
1.5136  6.20939509e-10
1.52  5.56274821e-10
1.5264  4.98344318e-10
1.5328  4.46446702e-10
1.5392  3.99953708e-10
1.5456  3.58302498e-10
1.552  3.20988848e-10
1.5584  2.87561045e-10
1.5648  2.57614416e-10
1.5712  2.3078643e-10
1.5776  2.06752314e-10
1.584  1.85221112e-10
1.5904  1.65932171e-10
1.5968  1.48651982e-10
1.6  1.40698919e-10
