-1.7  2.66538284e-11
-1.6932  2.99889462e-11
-1.6864  3.37413778e-11
-1.6796  3.79633405e-11
-1.6728  4.27135853e-11
-1.666  4.80582148e-11
-1.6592  5.40716026e-11
-1.6524  6.08374285e-11
-1.6456  6.84498429e-11
-1.6388  7.70147771e-11
-1.632  8.66514172e-11
-1.6252  9.74938627e-11
-1.6184  1.09692992e-10
-1.6116  1.23418565e-10
-1.6048  1.38861579e-10
-1.598  1.56236933e-10
-1.5912  1.75786417e-10
-1.5844  1.97782071e-10
-1.5776  2.22529979e-10
-1.5708  2.50374523e-10
-1.564  2.81703175e-10
-1.5572  3.16951892e-10
-1.5504  3.56611182e-10
-1.5436  4.01232925e-10
-1.5368  4.5143806e-10
-1.53  5.07925221e-10
-1.5232  5.71480459e-10
-1.5164  6.42988184e-10
-1.5096  7.23443468e-10
-1.5028  8.13965892e-10
-1.496  9.1581513e-10
-1.4892  1.03040847e-9
-1.4824  1.15934056e-9
-1.4756  1.30440554e-9
-1.4688  1.4676221e-9
-1.462  1.65126148e-9
-1.4552  1.85787913e-9
-1.4484  2.09035027e-9
-1.4416  2.35190985e-9
-1.4348  2.64619765e-9
-1.428  2.97730883e-9
-1.4212  3.34985102e-9
-1.4144  3.76900836e-9
-1.4076  4.24061366e-9
-1.4008  4.77122959e-9
-1.394  5.36823998e-9
-1.3872  6.03995258e-9
-1.3804  6.79571468e-9
-1.3736  7.64604313e-9
-1.3668  8.60277077e-9
-1.36  9.67921102e-9
-1.3532  1.08903432e-8
-1.3464  1.22530208e-8
-1.3396  1.37862065e-8
-1.3328  1.55112353e-8
-1.326  1.74521121e-8
-1.3192  1.96358453e-8
-1.3124  2.20928228e-8
-1.3056  2.48572349e-8
-1.2988  2.796755e-8
-1.292  3.146705e-8
-1.2852  3.54044325e-8
-1.2784  3.98344884e-8
-1.2716  4.48188647e-8
-1.2648  5.04269218e-8
-1.258  5.67366992e-8
-1.2512  6.3836001e-8
-1.2444  7.18236183e-8
-1.2376  8.08107035e-8
-1.2308  9.09223171e-8
-1.224  1.02299168e-7
-1.2172  1.15099572e-7
-1.2104  1.29501654e-7
-1.2036  1.45705828e-7
-1.1968  1.63937584e-7
-1.19  1.84450628e-7
-1.1832  2.0753041e-7
-1.1764  2.33498101e-7
-1.1696  2.62715054e-7
-1.1628  2.95587842e-7
-1.156  3.32573908e-7
-1.1492  3.74187936e-7
-1.1424  4.21009008e-7
-1.1356  4.73688668e-7
-1.1288  5.32959984e-7
-1.122  5.99647752e-7
-1.1152  6.7467997e-7
-1.1084  7.59100757e-7
-1.1016  8.54084876e-7
-1.0948  9.60954088e-7
-1.088  0.00000108119554
-1.0812  0.00000121648246
-1.0744  0.00000136869746
-1.0676  0.00000153995868
-1.0608  0.00000173264933
-1.054  0.00000194945081
-1.0472  0.00000219338005
-1.0404  0.00000246783146
-1.0336  0.00000277662419
-1.0268  0.00000312405528
-1.02  0.00000351495944
-1.0132  0.00000395477632
-1.0064  0.00000444962624
-0.9996  0.00000500639532
-0.9928  0.00000563283133
-0.986  0.00000633765149
-0.9792  0.00000713066381
-0.9724  0.00000802290349
-0.9656  0.0000090267866
-0.9588  0.0000101562827
-0.952  0.0000114271095
-0.9452  0.0000128569512
-0.9384  0.000014465705
-0.9316  0.0000162757575
-0.9248  0.0000183122968
-0.918  0.0000206036624
-0.9112  0.0000231817401
-0.9044  0.0000260824054
-0.8976  0.0000293460226
-0.8908  0.0000330180069
-0.884  0.0000371494563
-0.8772  0.0000417978621
-0.8704  0.0000470279098
-0.8636  0.0000529123784
-0.8568  0.0000595331539
-0.85  0.0000669823681
-0.8432  0.0000753636814
-0.8364  0.0000847937246
-0.8296  0.0000954037222
-0.8228  0.000107341319
-0.816  0.000120772633
-0.8092  0.000135884569
-0.8024  0.000152887419
-0.7956  0.000172017787
-0.7888  0.000193541883
-0.782  0.000217759229
-0.7752  0.000245006822
-0.7684  0.000275663829
-0.7616  0.00031015686
-0.7548  0.000348965906
-0.748  0.000392631018
-0.7412  0.000441759821
-0.7344  0.000497035971
-0.7276  0.000559228669
-0.7208  0.000629203362
-0.714  0.00070793379
-0.7072  0.000796515532
-0.7004  0.000896181256
-0.6936  0.00100831787
-0.6868  0.00113448582
-0.68  0.0012764408
-0.6732  0.00143615821
-0.6664  0.0016158606
-0.6596  0.00181804864
-0.6528  0.0020455359
-0.646  0.00230148799
-0.6392  0.00258946664
-0.6324  0.00291347924
-0.6256  0.00327803461
-0.6188  0.00368820577
-0.612  0.00414970047
-0.6052  0.00466894069
-0.5984  0.00525315196
-0.5916  0.00591046393
-0.5848  0.00665002348
-0.578  0.00748212201
-0.5712  0.00841833866
-0.5644  0.00947170144
-0.5576  0.0106568685
-0.5508  0.0119903322
-0.544  0.0134906483
-0.5372  0.0151786948
-0.5304  0.0170779617
-0.5236  0.0192148785
-0.5168  0.0216191816
-0.51  0.0243243284
-0.5032  0.0273679624
-0.4964  0.0307924377
-0.4896  0.0346454079
-0.4828  0.0389804893
-0.476  0.0438580071
-0.4692  0.0493458348
-0.4624  0.0555203388
-0.4556  0.062467441
-0.4488  0.0702838143
-0.442  0.0790782281
-0.4352  0.0889730619
-0.4284  0.100106008
-0.425  0.106184456
-0.425  0.0350101176
-0.4182  0.0486246538
-0.4114  0.0644106933
-0.4046  0.0823346099
-0.3978  0.102358223
-0.391  0.12443888
-0.3842  0.148529546
-0.3774  0.174578904
-0.3706  0.202531467
-0.3638  0.23232769
-0.357  0.263904105
-0.3502  0.297193448
-0.3434  0.33212481
-0.3366  0.368623782
-0.3298  0.406612616
-0.323  0.446010391
-0.3162  0.486733184
-0.3094  0.52869425
-0.3026  0.571804207
-0.2958  0.615971223
-0.289  0.661101219
-0.2822  0.70709806
-0.2754  0.753863768
-0.2686  0.801298724
-0.2618  0.849301887
-0.255  0.897771002
-0.2482  0.946602825
-0.2414  0.995693336
-0.2346  1.04493797
-0.2278  1.09423182
-0.221  1.14346989
-0.2142  1.1925473
-0.2074  1.2413595
-0.2006  1.28980252
-0.1938  1.33777316
-0.187  1.38516925
-0.1802  1.43188982
-0.1734  1.47783535
-0.1666  1.52290798
-0.1598  1.56701168
-0.153  1.61005252
-0.1462  1.65193882
-0.1394  1.69258134
-0.1326  1.73189351
-0.1258  1.7697916
-0.119  1.80619487
-0.1122  1.84102578
-0.1054  1.87421014
-0.0985999999  1.90567727
-0.0917999999  1.93536012
-0.0849999999  1.96319547
-0.0781999999  1.98912404
-0.0713999999  2.01309058
-0.0645999999  2.03504405
-0.0577999999  2.05493768
-0.0509999999  2.07272909
-0.0441999999  2.0883804
-0.0373999999  2.10185825
-0.0305999999  2.11313394
-0.0237999999  2.12218345
-0.0169999999  2.1289875
-0.0101999999  2.13353161
-0.0033999999  2.13580608
0.0034000001  2.13580608
0.0102000001  2.13353161
0.0170000001  2.1289875
0.0238000001  2.12218345
0.0306000001  2.11313394
0.0374000001  2.10185825
0.0442000001  2.0883804
0.0510000001  2.07272909
0.0578000001  2.05493768
0.0646000001  2.03504405
0.0714000001  2.01309058
0.0782000001  1.98912404
0.0850000001  1.96319547
0.0918000001  1.93536012
0.0986000001  1.90567727
0.1054  1.87421014
0.1122  1.84102578
0.119  1.80619487
0.1258  1.7697916
0.1326  1.73189351
0.1394  1.69258133
0.1462  1.65193881
0.153  1.61005252
0.1598  1.56701168
0.1666  1.52290798
0.1734  1.47783535
0.1802  1.43188982
0.187  1.38516925
0.1938  1.33777316
0.2006  1.28980251
0.2074  1.2413595
0.2142  1.1925473
0.221  1.14346989
0.2278  1.09423182
0.2346  1.04493797
0.2414  0.995693335
0.2482  0.946602823
0.255  0.897771001
0.2618  0.849301885
0.2686  0.801298723
0.2754  0.753863766
0.2822  0.707098059
0.289  0.661101218
0.2958  0.615971222
0.3026  0.571804205
0.3094  0.528694249
0.3162  0.486733183
0.323  0.44601039
0.3298  0.406612615
0.3366  0.368623781
0.3434  0.332124809
0.3502  0.297193447
0.357  0.263904104
0.3638  0.232327689
0.3706  0.202531466
0.3774  0.174578904
0.3842  0.148529545
0.391  0.124438879
0.3978  0.102358223
0.4046  0.0823346094
0.4114  0.0644106928
0.4182  0.0486246533
0.425  0.0350101176
0.425  0.106184456
0.4318  0.0943755159
0.4386  0.0838798667
0.4454  0.0745514551
0.4522  0.0662604708
0.459  0.0588915399
0.4658  0.0523421193
0.4726  0.0465210701
0.4794  0.0413473889
0.4862  0.0367490809
0.493  0.0326621579
0.4998  0.0290297481
0.5066  0.0258013042
0.5134  0.0229319007
0.5202  0.020381608
0.527  0.0181149374
0.5338  0.0161003468
0.5406  0.014309802
0.5474  0.0127183864
0.5542  0.0113039547
0.561  0.0100468242
0.5678  0.0089295011
0.5746  0.00793643727
0.5814  0.00705381362
0.5882  0.00626934794
0.595  0.00557212392
0.6018  0.00495243927
0.6086  0.00440167073
0.6154  0.00391215402
0.6222  0.00347707723
0.629  0.00309038602
0.6358  0.00274669934
0.6426  0.00244123459
0.6494  0.00216974106
0.6562  0.00192844076
0.663  0.00171397583
0.6698  0.00152336189
0.6766  0.00135394642
0.6834  0.00120337192
0.6902  0.00106954304
0.697  0.000950597479
0.7038  0.000844880042
0.7106  0.000750919606
0.7174  0.000667408658
0.7242  0.000593185094
0.731  0.000527216049
0.7378  0.000468583525
0.7446  0.000416471616
0.7514  0.000370155154
0.7582  0.000328989618
0.765  0.000292402167
0.7718  0.000259883663
0.7786  0.000230981593
0.7854  0.000205293767
0.7922  0.000182462725
0.799  0.000162170759
0.8058  0.000144135495
0.8126  0.00012810596
0.8194  0.000113859095
0.8262  0.000101196647
0.833  0.0000899424087
0.8398  0.0000799397723
0.8466  0.0000710495448
0.8534  0.0000631480134
0.8602  0.0000561252238
0.867  0.0000498834495
0.8738  0.0000443358328
0.8806  0.0000394051753
0.8874  0.0000350228639
0.8942  0.0000311279163
0.901  0.0000276661318
0.9078  0.0000245893379
0.9146  0.0000218547191
0.9214  0.0000194242214
0.9282  0.0000172640233
0.935  0.0000153440642
0.9418  0.0000136376267
0.9486  0.0000121209649
0.9554  0.0000107729733
0.9622  0.00000957489406
0.969  0.00000851005507
0.9758  0.00000756363849
0.9826  0.00000672247438
0.9894  0.00000597485746
0.9962  0.00000531038418
1.003  0.00000471980802
1.0098  0.00000419491077
1.0166  0.00000372838816
1.0234  0.00000331374826
1.0302  0.00000294522112
1.037  0.00000261767845
1.0438  0.00000232656233
1.0506  0.00000206782168
1.0574  0.00000183785598
1.0642  0.00000163346514
1.071  0.00000145180491
1.0778  0.00000129034741
1.0846  0.00000114684585
1.0914  0.00000101930332
1.0982  9.05945002e-7
1.105  8.05193437e-7
1.1118  7.15646611e-7
1.1186  6.36058429e-7
1.1254  5.65321373e-7
1.1322  5.02451096e-7
1.139  4.46572721e-7
1.1458  3.96908668e-7
1.1526  3.52767832e-7
1.1594  3.13535968e-7
1.1662  2.78667141e-7
1.173  2.47676131e-7
1.1798  2.2013168e-7
1.1866  1.9565049e-7
1.1934  1.73891892e-7
1.2002  1.54553102e-7
1.207  1.37365009e-7
1.2138  1.22088431e-7
1.2206  1.08510785e-7
1.2274  9.644313e-8
1.2342  8.57175382e-8
1.241  7.61847563e-8
1.2478  6.771213e-8
1.2546  6.01817577e-8
1.2614  5.348885e-8
1.2682  4.75402711e-8
1.275  4.22532429e-8
1.2818  3.75541935e-8
1.2886  3.33777327e-8
1.2954  2.96657426e-8
1.3022  2.63665689e-8
1.309  2.34343014e-8
1.3158  2.08281359e-8
1.3226  1.85118062e-8
1.3294  1.64530792e-8
1.3362  1.46233065e-8
1.343  1.29970256e-8
1.3498  1.1551606e-8
1.3566  1.02669338e-8
1.3634  9.12513194e-9
1.3702  8.1103117e-9
1.377  7.20835121e-9
1.3838  6.40669916e-9
1.3906  5.69420009e-9
1.3974  5.06093916e-9
1.4042  4.49810418e-9
1.411  3.99786295e-9
1.4178  3.55325434e-9
1.4246  3.15809135e-9
1.4314  2.80687505e-9
1.4382  2.49471808e-9
1.445  2.21727656e-9
1.4518  1.97068976e-9
1.4586  1.75152626e-9
1.4654  1.55673627e-9
1.4722  1.38360919e-9
1.479  1.22973584e-9
1.4858  1.09297499e-9
1.4926  9.71423524e-10
1.4994  8.63389989e-10
1.5062  7.67371034e-10
1.513  6.82030497e-10
1.5198  6.06180815e-10
1.5266  5.38766495e-10
1.5334  4.78849428e-10
1.5402  4.25595832e-10
1.547  3.78264651e-10
1.5538  3.36197246e-10
1.5606  2.98808223e-10
1.5674  2.65577291e-10
1.5742  2.36042024e-10
1.581  2.0979142e-10
1.5878  1.86460187e-10
1.5946  1.65723657e-10
1.6014  1.47293269e-10
1.6082  1.30912553e-10
1.615  1.16353563e-10
1.6218  1.03413701e-10
1.6286  9.19129007e-11
1.6354  8.16911227e-11
1.6422  7.26061248e-11
1.649  6.45314837e-11
1.6558  5.73548361e-11
1.6626  5.09763148e-11
1.6694  4.53071588e-11
1.6762  4.02684786e-11
1.683  3.57901579e-11
1.6898  3.18098783e-11
1.6966  2.82722518e-11
1.7  2.66538284e-11
