-1.8  5.14627381e-12
-1.7928  5.83600646e-12
-1.7856  6.61818097e-12
-1.7784  7.50518692e-12
-1.7712  8.51107442e-12
-1.764  9.65177663e-12
-1.7568  1.09453622e-11
-1.7496  1.24123214e-11
-1.7424  1.40758907e-11
-1.7352  1.5962421e-11
-1.728  1.81017947e-11
-1.7208  2.05278994e-11
-1.7136  2.32791643e-11
-1.7064  2.63991692e-11
-1.6992  2.99373348e-11
-1.692  3.39497053e-11
-1.6848  3.84998363e-11
-1.6776  4.36598016e-11
-1.6704  4.95113345e-11
-1.6632  5.61471229e-11
-1.656  6.36722771e-11
-1.6488  7.22059949e-11
-1.6416  8.18834497e-11
-1.6344  9.28579316e-11
-1.6272  1.05303275e-10
-1.62  1.19416615e-10
-1.6128  1.35421503e-10
-1.6056  1.53571457e-10
-1.5984  1.7415397e-10
-1.5912  1.97495067e-10
-1.584  2.23964471e-10
-1.5768  2.53981453e-10
-1.5696  2.8802148e-10
-1.5624  3.26623743e-10
-1.5552  3.703997e-10
-1.548  4.20042758e-10
-1.5408  4.76339258e-10
-1.5336  5.40180933e-10
-1.5264  6.12579029e-10
-1.5192  6.94680326e-10
-1.512  7.87785303e-10
-1.5048  8.93368734e-10
-1.4976  1.01310305e-9
-1.4904  1.14888484e-9
-1.4832  1.30286487e-9
-1.476  1.47748217e-9
-1.4688  1.67550266e-9
-1.4616  1.90006298e-9
-1.4544  2.15472014e-9
-1.4472  2.44350789e-9
-1.44  2.7710006e-9
-1.4328  3.14238574e-9
-1.4256  3.563546e-9
-1.4184  4.04115254e-9
-1.4112  4.58277061e-9
-1.404  5.19697938e-9
-1.3968  5.89350787e-9
-1.3896  6.68338905e-9
-1.3824  7.57913456e-9
-1.3752  8.59493293e-9
-1.368  9.74687433e-9
-1.3608  1.10532054e-8
-1.3536  1.25346184e-8
-1.3464  1.42145786e-8
-1.3392  1.61196967e-8
-1.332  1.82801494e-8
-1.3248  2.07301581e-8
-1.3176  2.35085308e-8
-1.3104  2.66592768e-8
-1.3032  3.02323035e-8
-1.296  3.42842073e-8
-1.2888  3.88791702e-8
-1.2816  4.4089976e-8
-1.2744  4.99991633e-8
-1.2672  5.67003332e-8
-1.26  6.42996318e-8
-1.2528  7.29174312e-8
-1.2456  8.26902367e-8
-1.2384  9.37728488e-8
-1.2312  1.06340815e-7
-1.224  1.20593211e-7
-1.2168  1.36755793e-7
-1.2096  1.55084576e-7
-1.2024  1.75869886e-7
-1.1952  1.99440961e-7
-1.188  2.26171164e-7
-1.1808  2.56483899e-7
-1.1736  2.90859318e-7
-1.1664  3.29841925e-7
-1.1592  3.740492e-7
-1.152  4.24181385e-7
-1.1448  4.81032567e-7
-1.1376  5.45503265e-7
-1.1304  6.18614691e-7
-1.1232  7.01524921e-7
-1.116  7.95547249e-7
-1.1088  9.0217098e-7
-1.1016  0.00000102308502
-1.0944  0.00000116020465
-1.0872  0.00000131570182
-1.08  0.00000149203961
-1.0728  0.00000169201117
-1.0656  0.00000191878405
-1.0584  0.00000217595032
-1.0512  0.00000246758346
-1.044  0.00000279830291
-1.0368  0.00000317334726
-1.0296  0.00000359865716
-1.0224  0.0000040809695
-1.0152  0.00000462792405
-1.008  0.00000524818454
-1.0008  0.00000595157584
-0.9936  0.00000674923962
-0.9864  0.00000765381079
-0.9792  0.00000867961769
-0.972  0.00000984290902
-0.9648  0.0000111621112
-0.9576  0.0000126581203
-0.9504  0.000014354633
-0.9432  0.0000162785219
-0.936  0.0000184602613
-0.9288  0.0000209344097
-0.9216  0.0000237401574
-0.9144  0.0000269219472
-0.9072  0.0000305301784
-0.9  0.0000346220052
-0.8928  0.0000392622417
-0.8856  0.0000445243888
-0.8784  0.0000504917986
-0.8712  0.0000572589943
-0.864  0.0000649331677
-0.8568  0.0000736358772
-0.8496  0.0000835049729
-0.8424  0.0000946967805
-0.8352  0.000107388577
-0.828  0.0001217814
-0.8208  0.000138103231
-0.8136  0.000156612605
-0.8064  0.00017760271
-0.7992  0.000201406027
-0.792  0.000228399599
-0.7848  0.000259011001
-0.7776  0.000293725117
-0.7704  0.000333091815
-0.7632  0.000377734659
-0.756  0.000428360789
-0.7488  0.000485772118
-0.7416  0.000550878038
-0.7344  0.000624709821
-0.7272  0.000708436956
-0.72  0.000803385673
-0.7128  0.000911059954
-0.7056  0.00103316535
-0.6984  0.001171636
-0.6912  0.00132866526
-0.684  0.00150674048
-0.6768  0.00170868234
-0.6696  0.00193768959
-0.6624  0.00219738968
-0.6552  0.00249189624
-0.648  0.00282587423
-0.6408  0.00320461384
-0.6336  0.00363411426
-0.6264  0.00412117876
-0.6192  0.00467352239
-0.612  0.00529989423
-0.6048  0.00601021595
-0.5976  0.006815739
-0.5904  0.00772922279
-0.5832  0.00876513684
-0.576  0.00993988993
-0.5688  0.0112720901
-0.5616  0.0127828392
-0.5544  0.0144960674
-0.5472  0.0164389121
-0.54  0.0186421479
-0.5328  0.0211406737
-0.5256  0.0239740661
-0.5184  0.0271872056
-0.5112  0.0308309883
-0.504  0.0349631313
-0.4968  0.0396490874
-0.4896  0.0449630818
-0.4824  0.0509892877
-0.4752  0.0578231597
-0.468  0.0655729458
-0.4608  0.074361402
-0.4536  0.0843277366
-0.45  0.0898011461
-0.45  0.0296083703
-0.4428  0.0419599644
-0.4356  0.0564070036
-0.4284  0.0729183993
-0.4212  0.0914586206
-0.414  0.111987771
-0.4068  0.134461673
-0.3996  0.158831965
-0.3924  0.185046205
-0.3852  0.213047983
-0.378  0.242777041
-0.3708  0.274169405
-0.3636  0.307157522
-0.3564  0.341670405
-0.3492  0.377633785
-0.342  0.414970272
-0.3348  0.453599523
-0.3276  0.49343841
-0.3204  0.534401204
-0.3132  0.576399757
-0.306  0.619343693
-0.2988  0.6631406
-0.2916  0.707696232
-0.2844  0.752914708
-0.2772  0.798698724
-0.27  0.844949757
-0.2628  0.891568278
-0.2556  0.93845397
-0.2484  0.985505938
-0.2412  1.03262293
-0.234  1.07970356
-0.2268  1.12664651
-0.2196  1.17335076
-0.2124  1.21971582
-0.2052  1.2656419
-0.198  1.31103019
-0.1908  1.355783
-0.1836  1.39980404
-0.1764  1.44299857
-0.1692  1.48527365
-0.162  1.52653831
-0.1548  1.56670373
-0.1476  1.60568351
-0.1404  1.64339375
-0.1332  1.6797533
-0.126  1.71468392
-0.1188  1.74811045
-0.1116  1.77996095
-0.1044  1.81016689
-0.0971999999  1.83866327
-0.0899999999  1.86538875
-0.0827999999  1.89028584
-0.0755999999  1.91330096
-0.0683999999  1.93438458
-0.0611999999  1.95349132
-0.0539999999  1.97058009
-0.0467999999  1.98561409
-0.0395999999  1.99856098
-0.0323999999  2.0093929
-0.0251999999  2.01808655
-0.0179999999  2.0246232
-0.0107999999  2.0289888
-0.0035999999  2.03117395
0.0036000001  2.03117395
0.0108000001  2.0289888
0.0180000001  2.0246232
0.0252000001  2.01808655
0.0324000001  2.0093929
0.0396000001  1.99856098
0.0468000001  1.98561409
0.0540000001  1.97058009
0.0612000001  1.95349132
0.0684000001  1.93438458
0.0756000001  1.91330096
0.0828000001  1.89028584
0.0900000001  1.86538875
0.0972000001  1.83866327
0.1044  1.81016689
0.1116  1.77996095
0.1188  1.74811045
0.126  1.71468392
0.1332  1.6797533
0.1404  1.64339374
0.1476  1.60568351
0.1548  1.56670373
0.162  1.5265383
0.1692  1.48527365
0.1764  1.44299857
0.1836  1.39980404
0.1908  1.355783
0.198  1.31103019
0.2052  1.2656419
0.2124  1.21971582
0.2196  1.17335076
0.2268  1.12664651
0.234  1.07970356
0.2412  1.03262293
0.2484  0.985505937
0.2556  0.938453968
0.2628  0.891568277
0.27  0.844949756
0.2772  0.798698723
0.2844  0.752914707
0.2916  0.707696231
0.2988  0.663140599
0.306  0.619343692
0.3132  0.576399756
0.3204  0.534401203
0.3276  0.493438409
0.3348  0.453599522
0.342  0.414970271
0.3492  0.377633784
0.3564  0.341670404
0.3636  0.307157521
0.3708  0.274169404
0.378  0.24277704
0.3852  0.213047982
0.3924  0.185046205
0.3996  0.158831964
0.4068  0.134461672
0.414  0.11198777
0.4212  0.09145862
0.4284  0.0729183988
0.4356  0.0564070032
0.4428  0.041959964
0.45  0.0296083703
0.45  0.0898011461
0.4572  0.0791879326
0.4644  0.0698290495
0.4716  0.0615762527
0.4788  0.0542988187
0.486  0.0478814735
0.4932  0.0422225668
0.5004  0.0372324622
0.5076  0.0328321167
0.5148  0.0289518292
0.522  0.0255301363
0.5292  0.0225128386
0.5364  0.0198521425
0.5436  0.0175059027
0.5508  0.0154369549
0.558  0.0136125272
0.5652  0.0120037208
0.5724  0.0105850524
0.5796  0.00933405029
0.5868  0.0082308988
0.594  0.00725812406
0.6012  0.00640031741
0.6084  0.00564389126
0.6156  0.00497686389
0.6228  0.00438866962
0.63  0.00386999153
0.6372  0.00341261377
0.6444  0.00300929154
0.6516  0.00265363624
0.6588  0.00234001432
0.666  0.00206345803
0.6732  0.00181958675
0.6804  0.00160453757
0.6876  0.00141490414
0.6948  0.00124768267
0.702  0.00110022439
0.7092  0.000970193573
0.7164  0.000855530543
0.7236  0.000754419046
0.7308  0.000665257484
0.738  0.000586633547
0.7452  0.000517301836
0.7524  0.000456164144
0.7596  0.000402252054
0.7668  0.000354711604
0.774  0.000312789756
0.7812  0.000275822472
0.7884  0.000243224194
0.7956  0.000214478566
0.8028  0.000189130262
0.81  0.000166777765
0.8172  0.000147067014
0.8244  0.000129685792
0.8316  0.000114358783
0.8388  0.000100843207
0.846  0.0000889249798
0.8532  0.0000784153167
0.8604  0.0000691477457
0.8676  0.0000609754693
0.8748  0.0000537690393
0.882  0.0000474143064
0.8892  0.0000418106123
0.8964  0.0000368691948
0.9036  0.0000325117823
0.9108  0.0000286693538
0.918  0.0000252810454
0.9252  0.0000222931868
0.9324  0.0000196584503
0.9396  0.0000173351022
0.9468  0.0000152863405
0.954  0.0000134797133
0.9612  0.0000118866036
0.9684  0.0000104817768
0.9756  0.0000092429804
0.9828  0.00000815059207
0.99  0.00000718730844
0.9972  0.00000633787119
1.0044  0.00000558882529
1.0116  0.00000492830593
1.0188  0.00000434585052
1.026  0.00000383223303
1.0332  0.00000337931779
1.0404  0.00000297993067
1.0476  0.00000262774541
1.0548  0.00000231718341
1.062  0.00000204332541
1.0692  0.00000180183352
1.0764  0.00000158888252
1.0836  0.00000140109929
1.0908  0.00000123550935
1.098  0.00000108948979
1.1052  9.60727648e-7
1.1124  8.47183355e-7
1.1196  7.47058376e-7
1.1268  6.58766741e-7
1.134  5.80909917e-7
1.1412  5.12254657e-7
1.1484  4.5171347e-7
1.1556  3.98327386e-7
1.1628  3.51250776e-7
1.17  3.09737948e-7
1.1772  2.73131345e-7
1.1844  2.40851119e-7
1.1916  2.12385955e-7
1.1988  1.87284967e-7
1.206  1.65150558e-7
1.2132  1.45632119e-7
1.2204  1.28420482e-7
1.2276  1.13243014e-7
1.2348  9.98593065e-8
1.242  8.8057362e-8
1.2492  7.76502389e-8
1.2564  6.84730892e-8
1.2636  6.03805476e-8
1.2708  5.32444288e-8
1.278  4.69516974e-8
1.2852  4.14026771e-8
1.2924  3.65094717e-8
1.2996  3.21945733e-8
1.3068  2.83896344e-8
1.314  2.50343849e-8
1.3212  2.2075678e-8
1.3284  1.9466648e-8
1.3356  1.71659681e-8
1.3428  1.51371957e-8
1.35  1.33481953e-8
1.3572  1.17706292e-8
1.3644  1.03795088e-8
1.3716  9.15279906e-9
1.3788  8.07106887e-9
1.386  7.11718375e-9
1.3932  6.27603423e-9
1.4004  5.53429658e-9
1.4076  4.88022173e-9
1.4148  4.30344919e-9
1.422  3.79484293e-9
1.4292  3.34634667e-9
1.4364  2.95085627e-9
1.4436  2.60210718e-9
1.4508  2.29457526e-9
1.458  2.02338922e-9
1.4652  1.7842535e-9
1.4724  1.57338021e-9
1.4796  1.38742913e-9
1.4868  1.22345481e-9
1.494  1.07885992e-9
1.5012  9.51354079e-10
1.5084  8.38917608e-10
1.5156  7.39769523e-10
1.5228  6.52339326e-10
1.53  5.75242131e-10
1.5372  5.07256723e-10
1.5444  4.4730622e-10
1.5516  3.9444101e-10
1.5588  3.47823714e-10
1.566  3.06715916e-10
1.5732  2.70466473e-10
1.5804  2.38501197e-10
1.5876  2.10313761e-10
1.5948  1.85457677e-10
1.602  1.63539227e-10
1.6092  1.44211225e-10
1.6164  1.27167517e-10
1.6236  1.12138132e-10
1.6308  9.88850054e-11
1.638  8.71982094e-11
1.6452  7.68926258e-11
1.6524  6.78050152e-11
1.6596  5.97914303e-11
1.6668  5.27249369e-11
1.674  4.6493602e-11
1.6812  4.0998722e-11
1.6884  3.61532583e-11
1.6956  3.18804593e-11
1.7028  2.81126441e-11
1.71  2.47901309e-11
1.7172  2.18602914e-11
1.7244  1.9276717e-11
1.7316  1.69984842e-11
1.7388  1.49895061e-11
1.746  1.32179604e-11
1.7532  1.16557862e-11
1.7604  1.02782387e-11
1.7676  9.06349759e-12
1.7748  7.99232156e-12
1.782  7.04774325e-12
1.7892  6.21480061e-12
1.7964  5.4802999e-12
1.8  5.14627381e-12
