-1.9  1.01036488e-12
-1.8924  1.15479471e-12
-1.8848  1.31987051e-12
-1.8772  1.50854361e-12
-1.8696  1.72418718e-12
-1.862  1.97065661e-12
-1.8544  2.25235839e-12
-1.8468  2.57432894e-12
-1.8392  2.94232459e-12
-1.8316  3.36292455e-12
-1.824  3.84364851e-12
-1.8164  4.39309109e-12
-1.8088  5.02107548e-12
-1.8012  5.73882911e-12
-1.7936  6.55918432e-12
-1.786  7.49680781e-12
-1.7784  8.56846288e-12
-1.7708  9.7933091e-12
-1.7632  1.11932449e-11
-1.7556  1.27932989e-11
-1.748  1.46220778e-11
-1.7404  1.67122772e-11
-1.7328  1.91012669e-11
-1.7252  2.18317584e-11
-1.7176  2.49525686e-11
-1.71  2.8519493e-11
-1.7024  3.25963028e-11
-1.6948  3.72558851e-11
-1.6872  4.25815462e-11
-1.6796  4.8668501e-11
-1.672  5.56255749e-11
-1.6644  6.35771498e-11
-1.6568  7.2665388e-11
-1.6492  8.30527733e-11
-1.6416  9.49250166e-11
-1.634  1.08494375e-10
-1.6264  1.24003449e-10
-1.6188  1.41729517e-10
-1.6112  1.61989495e-10
-1.6036  1.85145599e-10
-1.596  2.11611826e-10
-1.5884  2.41861353e-10
-1.5808  2.76434994e-10
-1.5732  3.15950875e-10
-1.5656  3.61115479e-10
-1.558  4.12736282e-10
-1.5504  4.71736184e-10
-1.5428  5.39170015e-10
-1.5352  6.1624339e-10
-1.5276  7.04334265e-10
-1.52  8.05017569e-10
-1.5124  9.2009337e-10
-1.5048  1.05161905e-9
-1.4972  1.20194608e-9
-1.4896  1.37376209e-9
-1.482  1.57013889e-9
-1.4744  1.79458739e-9
-1.4668  2.05112041e-9
-1.4592  2.34432434e-9
-1.4516  2.67944126e-9
-1.444  3.06246252e-9
-1.4364  3.50023598e-9
-1.4288  4.00058836e-9
-1.4212  4.5724652e-9
-1.4136  5.22609081e-9
-1.406  5.973151e-9
-1.3984  6.8270021e-9
-1.3908  7.80290966e-9
-1.3832  8.91832143e-9
-1.3756  1.01931793e-8
-1.368  1.16502758e-8
-1.3604  1.33156615e-8
-1.3528  1.52191112e-8
-1.3452  1.73946555e-8
-1.3376  1.988119e-8
-1.33  2.272317e-8
-1.3224  2.59714059e-8
-1.3148  2.96839712e-8
-1.3072  3.3927241e-8
-1.2996  3.87770786e-8
-1.292  4.43201916e-8
-1.2844  5.06556825e-8
-1.2768  5.78968204e-8
-1.2692  6.61730658e-8
-1.2616  7.56323854e-8
-1.254  8.64438977e-8
-1.2464  9.88008959e-8
-1.2388  1.12924305e-7
-1.2312  1.29066629e-7
-1.2236  1.47516469e-7
-1.216  1.68603681e-7
-1.2084  1.92705271e-7
-1.2008  2.2025214e-7
-1.1932  2.51736784e-7
-1.1856  2.877221e-7
-1.178  3.28851452e-7
-1.1704  3.7586017e-7
-1.1628  4.29588699e-7
-1.1552  4.90997624e-7
-1.1476  5.61184844e-7
-1.14  6.41405198e-7
-1.1324  7.33092907e-7
-1.1248  8.37887208e-7
-1.1172  9.57661664e-7
-1.1096  0.00000109455766
-1.102  0.00000125102269
-1.0944  0.00000142985411
-1.0868  0.00000163424917
-1.0792  0.00000186786212
-1.0716  0.00000213486962
-1.064  0.00000244004535
-1.0564  0.00000278884541
-1.0488  0.0000031875058
-1.0412  0.00000364315397
-1.0336  0.00000416393621
-1.026  0.00000475916334
-1.0184  0.0000054394771
-1.0108  0.00000621704048
-1.0032  0.00000710575513
-0.9956  0.00000812150993
-0.988  0.00000928246504
-0.9804  0.0000106093766
-0.9728  0.0000121259677
-0.9652  0.0000138593528
-0.9576  0.0000158405221
-0.95  0.000018104896
-0.9424  0.000020692958
-0.9348  0.0000236509788
-0.9272  0.0000270318433
-0.9196  0.0000308959962
-0.912  0.0000353125228
-0.9044  0.0000403603838
-0.8968  0.0000461298274
-0.8892  0.0000527240026
-0.8816  0.000060260803
-0.874  0.0000688749755
-0.8664  0.0000787205282
-0.8588  0.0000899734848
-0.8512  0.000102835031
-0.8436  0.000117535112
-0.836  0.000134336543
-0.8284  0.000153539708
-0.8208  0.000175487931
-0.8132  0.000200573612
-0.8056  0.000229245246
-0.798  0.000262015438
-0.7904  0.000299470069
-0.7828  0.000342278772
-0.7752  0.000391206901
-0.7676  0.000447129218
-0.76  0.000511045528
-0.7524  0.000584098558
-0.7448  0.000667594387
-0.7372  0.000763025793
-0.7296  0.000872098946
-0.722  0.000996763907
-0.7144  0.0011392495
-0.7068  0.00130210315
-0.6992  0.00148823643
-0.6916  0.00170097712
-0.684  0.00194412872
-0.6764  0.00222203839
-0.6688  0.00253967474
-0.6612  0.00290271664
-0.6536  0.00331765471
-0.646  0.00379190743
-0.6384  0.00433395372
-0.6308  0.00495348454
-0.6232  0.00566157616
-0.6156  0.0064708882
-0.608  0.00739588992
-0.6004  0.00845311896
-0.5928  0.00966147698
-0.5852  0.0110425676
-0.5776  0.0126210826
-0.57  0.0144252434
-0.5624  0.0164873058
-0.5548  0.0188441362
-0.5472  0.0215378713
-0.5396  0.0246166709
-0.532  0.0281355793
-0.5244  0.0321575093
-0.5168  0.0367543669
-0.5092  0.042008337
-0.5016  0.0480133525
-0.494  0.0548767741
-0.4864  0.0627213094
-0.4788  0.0716872067
-0.475  0.0766398998
-0.475  0.0252689707
-0.4674  0.0365286999
-0.4598  0.0498109756
-0.4522  0.0650869579
-0.4446  0.0823234776
-0.437  0.101483109
-0.4294  0.12252425
-0.4218  0.145401214
-0.4142  0.170064327
-0.4066  0.196460039
-0.399  0.224531035
-0.3914  0.254216364
-0.3838  0.285451571
-0.3762  0.318168834
-0.3686  0.352297112
-0.361  0.387762303
-0.3534  0.4244874
-0.3458  0.462392662
-0.3382  0.501395784
-0.3306  0.541412077
-0.323  0.582354654
-0.3154  0.624134616
-0.3078  0.666661244
-0.3002  0.7098422
-0.2926  0.753583724
-0.285  0.797790839
-0.2774  0.842367558
-0.2698  0.88721709
-0.2622  0.932242053
-0.2546  0.977344682
-0.247  1.02242705
-0.2394  1.06739126
-0.2318  1.11213968
-0.2242  1.15657516
-0.2166  1.20060121
-0.209  1.24412223
-0.2014  1.28704373
-0.1938  1.3292725
-0.1862  1.37071686
-0.1786  1.41128682
-0.171  1.45089429
-0.1634  1.48945327
-0.1558  1.52688003
-0.1482  1.56309331
-0.1406  1.59801448
-0.133  1.6315677
-0.1254  1.66368014
-0.1178  1.69428206
-0.1102  1.72330701
-0.1026  1.75069198
-0.0949999999  1.7763775
-0.0873999999  1.80030779
-0.0797999999  1.82243091
-0.0721999999  1.84269881
-0.0645999999  1.86106748
-0.0569999999  1.87749705
-0.0493999999  1.89195183
-0.0417999999  1.90440044
-0.0341999999  1.91481586
-0.0265999999  1.92317546
-0.0189999999  1.92946109
-0.0113999999  1.93365911
-0.0037999999  1.9357604
0.0038000001  1.9357604
0.0114000001  1.93365911
0.0190000001  1.92946109
0.0266000001  1.92317546
0.0342000001  1.91481586
0.0418000001  1.90440044
0.0494000001  1.89195183
0.0570000001  1.87749705
0.0646000001  1.86106748
0.0722000001  1.84269881
0.0798000001  1.82243091
0.0874000001  1.80030779
0.0950000001  1.7763775
0.1026  1.75069198
0.1102  1.72330701
0.1178  1.69428206
0.1254  1.66368014
0.133  1.6315677
0.1406  1.59801447
0.1482  1.56309331
0.1558  1.52688003
0.1634  1.48945327
0.171  1.45089429
0.1786  1.41128682
0.1862  1.37071686
0.1938  1.3292725
0.2014  1.28704372
0.209  1.24412223
0.2166  1.20060121
0.2242  1.15657516
0.2318  1.11213968
0.2394  1.06739126
0.247  1.02242705
0.2546  0.977344681
0.2622  0.932242051
0.2698  0.887217089
0.2774  0.842367557
0.285  0.797790838
0.2926  0.753583723
0.3002  0.709842199
0.3078  0.666661243
0.3154  0.624134615
0.323  0.582354653
0.3306  0.541412076
0.3382  0.501395783
0.3458  0.462392661
0.3534  0.424487399
0.361  0.387762302
0.3686  0.352297111
0.3762  0.318168833
0.3838  0.28545157
0.3914  0.254216364
0.399  0.224531034
0.4066  0.196460038
0.4142  0.170064326
0.4218  0.145401213
0.4294  0.122524249
0.437  0.101483108
0.4446  0.0823234771
0.4522  0.0650869575
0.4598  0.0498109753
0.4674  0.0365286996
0.475  0.0252689707
0.475  0.0766398998
0.4826  0.0670545706
0.4902  0.0586680757
0.4978  0.0513304771
0.5054  0.0449105898
0.513  0.0392936359
0.5206  0.0343791927
0.5282  0.0300793974
0.5358  0.0263173762
0.5434  0.0230258699
0.551  0.0201460313
0.5586  0.0176263732
0.5662  0.0154218481
0.5738  0.0134930422
0.5814  0.0118054715
0.589  0.0103289647
0.5966  0.00903712419
0.6042  0.00790685379
0.6118  0.00691794597
0.6194  0.00605272056
0.627  0.00529570862
0.6346  0.00463337594
0.6422  0.00405388101
0.6498  0.00354686333
0.6574  0.0031032582
0.665  0.00271513463
0.6726  0.00237555356
0.6802  0.0020784438
0.6878  0.00181849346
0.6954  0.00159105503
0.703  0.00139206226
0.7106  0.00121795745
0.7182  0.00106562788
0.7258  0.00093235012
0.7334  0.000815741371
0.741  0.000713716844
0.7486  0.000624452493
0.7562  0.000546352408
0.7638  0.000478020277
0.7714  0.000418234425
0.779  0.000365925972
0.7866  0.000320159721
0.7942  0.000280117441
0.8018  0.000245083237
0.8094  0.00021443075
0.817  0.000187611961
0.8246  0.00016414739
0.8322  0.000143617525
0.8398  0.000125655325
0.8474  0.000109939651
0.855  0.0000961895319
0.8626  0.0000841591362
0.8702  0.0000736333784
0.8778  0.0000644240739
0.8854  0.0000563665744
0.893  0.0000493168239
0.9006  0.0000431487836
0.9082  0.0000377521783
0.9158  0.0000330305247
0.9234  0.0000288994069
0.931  0.0000252849668
0.9386  0.0000221225836
0.9462  0.0000193557188
0.9538  0.0000169349049
0.9614  0.0000148168614
0.969  0.000012963721
0.9766  0.0000113423523
0.9842  0.00000992376775
0.9918  0.00000868260511
0.9994  0.0000075966743
1.007  0.00000664656054
1.0146  0.00000581527722
1.0222  0.00000508796225
1.0298  0.00000445161234
1.0374  0.00000389485053
1.045  0.00000340772275
1.0526  0.00000298151989
1.0602  0.0000026086221
1.0678  0.00000228236252
1.0754  0.00000199690812
1.083  0.00000174715543
1.0906  0.00000152863922
1.0982  0.00000133745278
1.1058  0.00000117017796
1.1134  0.00000102382416
1.121  8.95774778e-7
1.1286  7.83740496e-7
1.1362  6.85718308e-7
1.1438  5.99955726e-7
1.1514  5.24919444e-7
1.159  4.59267928e-7
1.1666  4.01827426e-7
1.1742  3.51570991e-7
1.1818  3.07600113e-7
1.1894  2.6912866e-7
1.197  2.35468819e-7
1.2046  2.06018805e-7
1.2122  1.80252095e-7
1.2198  1.5770802e-7
1.2274  1.37983526e-7
1.235  1.20725968e-7
1.2426  1.05626807e-7
1.2502  9.24160943e-8
1.2578  8.08576412e-8
1.2654  7.07448004e-8
1.273  6.18967695e-8
1.2806  5.41553592e-8
1.2882  4.73821648e-8
1.2958  4.14560917e-8
1.3034  3.62711908e-8
1.311  3.17347639e-8
1.3186  2.77657065e-8
1.3262  2.4293058e-8
1.3338  2.12547325e-8
1.3414  1.85964096e-8
1.349  1.62705622e-8
1.3566  1.42356079e-8
1.3642  1.24551647e-8
1.3718  1.0897401e-8
1.3794  9.53446635e-9
1.387  8.34199352e-9
1.3946  7.2986629e-9
1.4022  6.38582133e-9
1.4098  5.58714858e-9
1.4174  4.8883656e-9
1.425  4.27697918e-9
1.4326  3.74205869e-9
1.4402  3.27404053e-9
1.4478  2.86455727e-9
1.4554  2.50628796e-9
1.463  2.19282728e-9
1.4706  1.91857103e-9
1.4782  1.67861593e-9
1.4858  1.46867194e-9
1.4934  1.28498558e-9
1.501  1.12427282e-9
1.5086  9.83660361e-10
1.5162  8.60634256e-10
1.5238  7.52994989e-10
1.5314  6.58818133e-10
1.539  5.76419947e-10
1.5466  5.04327278e-10
1.5542  4.41251218e-10
1.5618  3.86064061e-10
1.5694  3.37779145e-10
1.577  2.95533209e-10
1.5846  2.5857096e-10
1.5922  2.26231568e-10
1.5998  1.97936854e-10
1.6074  1.73180951e-10
1.615  1.51521262e-10
1.6226  1.32570543e-10
1.6302  1.15989985e-10
1.6378  1.01483153e-10
1.6454  8.87906855e-11
1.653  7.76856612e-11
1.6606  6.7969539e-11
1.6682  5.94686092e-11
1.6758  5.20308882e-11
1.6834  4.55234007e-11
1.691  3.98298027e-11
1.6986  3.48483013e-11
1.7062  3.04898347e-11
1.7138  2.66764803e-11
1.7214  2.33400609e-11
1.729  2.04209265e-11
1.7366  1.78668874e-11
1.7442  1.56322812e-11
1.7518  1.36771565e-11
1.7594  1.19665587e-11
1.767  1.04699048e-11
1.7746  9.16043694e-12
1.7822  8.01474385e-12
1.7898  7.01234225e-12
1.7974  6.13531072e-12
1.805  5.36796926e-12
1.8126  4.69659896e-12
1.8202  4.10919674e-12
1.8278  3.59526074e-12
1.8354  3.14560257e-12
1.843  2.752183e-12
1.8506  2.4079683e-12
1.8582  2.10680443e-12
1.8658  1.84330704e-12
1.8734  1.61276518e-12
1.881  1.41105713e-12
1.8886  1.23457664e-12
1.8962  1.08016851e-12
1.9  1.01036488e-12
