-0.7  0.00425460856
-0.6972  0.00437094553
-0.6944  0.00449046359
-0.6916  0.00461324972
-0.6888  0.00473939329
-0.686  0.00486898609
-0.6832  0.00500212245
-0.6804  0.00513889926
-0.6776  0.00527941606
-0.6748  0.00542377511
-0.672  0.00557208149
-0.6692  0.00572444311
-0.6664  0.00588097088
-0.6636  0.0060417787
-0.6608  0.00620698361
-0.658  0.00637670584
-0.6552  0.00655106892
-0.6524  0.00673019974
-0.6496  0.00691422867
-0.6468  0.00710328963
-0.644  0.00729752024
-0.6412  0.00749706184
-0.6384  0.00770205965
-0.6356  0.00791266288
-0.6328  0.00812902479
-0.63  0.00835130284
-0.6272  0.00857965881
-0.6244  0.0088142589
-0.6216  0.00905527382
-0.6188  0.00930287901
-0.616  0.00955725464
-0.6132  0.00981858586
-0.6104  0.0100870629
-0.6076  0.010362881
-0.6048  0.0106462411
-0.602  0.0109373493
-0.5992  0.0112364175
-0.5964  0.0115436633
-0.5936  0.0118593104
-0.5908  0.0121835885
-0.588  0.0125167335
-0.5852  0.012858988
-0.5824  0.013210601
-0.5796  0.0135718285
-0.5768  0.0139429332
-0.574  0.0143241853
-0.5712  0.0147158623
-0.5684  0.0151182493
-0.5656  0.0155316389
-0.5628  0.0159563323
-0.56  0.0163926383
-0.5572  0.0168408746
-0.5544  0.0173013673
-0.5516  0.0177744516
-0.5488  0.0182604719
-0.546  0.0187597817
-0.5432  0.0192727446
-0.5404  0.0197997338
-0.5376  0.0203411328
-0.5348  0.0208973357
-0.532  0.0214687474
-0.5292  0.0220557835
-0.5264  0.0226588714
-0.5236  0.02327845
-0.5208  0.0239149702
-0.518  0.0245688953
-0.5152  0.0252407011
-0.5124  0.0259308767
-0.5096  0.0266399242
-0.5068  0.0273683597
-0.504  0.0281167134
-0.5012  0.0288855299
-0.4984  0.0296753688
-0.4956  0.0304868047
-0.4928  0.0313204284
-0.49  0.0321768465
-0.4872  0.0330566823
-0.4844  0.0339605761
-0.4816  0.0348891857
-0.4788  0.0358431871
-0.476  0.0368232744
-0.4732  0.0378301609
-0.4704  0.0388645795
-0.4676  0.039927283
-0.4648  0.0410190449
-0.462  0.0421406595
-0.4592  0.0432929434
-0.4564  0.044476735
-0.4536  0.0456928959
-0.4508  0.0469423112
-0.448  0.0482258902
-0.4452  0.0495445671
-0.4424  0.0508993015
-0.4396  0.0522910795
-0.4368  0.053720914
-0.434  0.0551898454
-0.4312  0.056698943
-0.4284  0.0582493049
-0.4256  0.0598420596
-0.4228  0.0614783662
-0.42  0.0631594155
-0.4172  0.064886431
-0.4144  0.0666606697
-0.4116  0.0684834226
-0.4088  0.0703560165
-0.406  0.0722798141
-0.4032  0.0742562156
-0.4004  0.0762866593
-0.3976  0.0783726229
-0.3948  0.0805156247
-0.392  0.0827172241
-0.3892  0.0849790235
-0.3864  0.0873026691
-0.3836  0.0896898518
-0.3808  0.092142309
-0.378  0.0946618257
-0.3752  0.0972502354
-0.3724  0.0999094219
-0.3696  0.102641321
-0.3668  0.10544792
-0.364  0.108331262
-0.3612  0.111293445
-0.3584  0.114336626
-0.3556  0.117463018
-0.3528  0.120674898
-0.35  0.123974603
-0.3472  0.127364534
-0.3444  0.130847158
-0.3416  0.134425011
-0.3388  0.138100695
-0.336  0.141876887
-0.3332  0.145756333
-0.3304  0.149741859
-0.3276  0.153836363
-0.3248  0.158042827
-0.322  0.162364311
-0.3192  0.166803961
-0.3164  0.171365008
-0.3136  0.17605077
-0.3108  0.180864659
-0.308  0.185810178
-0.3052  0.190890926
-0.3024  0.1961106
-0.2996  0.201473
-0.2968  0.206982029
-0.294  0.212641694
-0.2912  0.218456116
-0.2884  0.224429527
-0.2856  0.230566273
-0.2828  0.23687082
-0.28  0.243347758
-0.2772  0.250001799
-0.2744  0.256837787
-0.2716  0.263860696
-0.2688  0.271075638
-0.266  0.278487863
-0.2632  0.286102767
-0.2604  0.293925891
-0.2576  0.301962928
-0.2548  0.310219728
-0.252  0.3187023
-0.2492  0.327416817
-0.2464  0.336369622
-0.2436  0.345567231
-0.2408  0.355016336
-0.238  0.364723815
-0.2352  0.374696734
-0.2324  0.384942349
-0.2296  0.395468118
-0.2268  0.406281701
-0.224  0.417390968
-0.2212  0.428804004
-0.2184  0.440529115
-0.2156  0.452574835
-0.2128  0.46494993
-0.21  0.477663407
-0.2072  0.490724518
-0.2044  0.504142768
-0.2016  0.517927924
-0.1988  0.532090018
-0.196  0.546639356
-0.1932  0.561586529
-0.1904  0.576942413
-0.1876  0.592718184
-0.1848  0.608925324
-0.182  0.625575629
-0.1792  0.642681215
-0.1764  0.660254532
-0.1736  0.67830837
-0.1708  0.696855867
-0.168  0.715910522
-0.1652  0.735486204
-0.1624  0.755597158
-0.1596  0.77625802
-0.1568  0.797483829
-0.154  0.819290031
-0.1512  0.841692496
-0.1484  0.864707529
-0.1456  0.888351879
-0.1428  0.912642754
-0.14  0.937597833
-0.1372  0.963235278
-0.1344  0.989573746
-0.1316  1.01663241
-0.1288  1.04443095
-0.126  1.07298962
-0.1232  1.10232918
-0.1204  1.132471
-0.1176  1.16343701
-0.1148  1.19524974
-0.112  1.22793236
-0.1092  1.26150864
-0.1064  1.29600302
-0.1036  1.33144061
-0.1008  1.36784719
-0.0979999999  1.40524927
-0.0951999999  1.44367406
-0.0923999999  1.48314953
-0.0895999999  1.52370441
-0.0867999999  1.56536821
-0.0839999999  1.60817125
-0.0811999999  1.65214469
-0.0783999999  1.69732053
-0.0755999999  1.74373164
-0.0727999999  1.79141181
-0.0699999999  1.84039573
-0.0671999999  1.89071906
-0.0643999999  1.94241842
-0.0615999999  1.99553143
-0.0587999999  2.05009675
-0.0559999999  2.10615409
-0.0531999999  2.16374425
-0.0503999999  2.22290915
-0.0475999999  2.28369183
-0.0447999999  2.34613653
-0.0419999999  2.41028871
-0.0391999999  2.47619506
-0.0363999999  2.54390353
-0.0335999999  2.6134634
-0.0307999999  2.6849253
-0.0279999999  2.75834124
-0.0251999999  2.83376464
-0.0223999999  2.9112504
-0.0195999999  2.99085492
-0.0167999999  3.07263612
-0.0139999999  3.15665353
-0.0111999999  3.24296829
-0.0083999999  3.33164321
-0.0055999999  3.42274285
-0.0027999999  3.51633348
-1e-10  3.61248324
0  0.638121912
0.0028000001  0.73853425
0.0056000001  0.84457281
0.0084000001  0.955779423
0.0112000001  1.07167359
0.0140000001  1.19175455
0.0168000001  1.31550346
0.0196000001  1.44238564
0.0224000001  1.57185284
0.0252000001  1.70334567
0.0280000001  1.83629597
0.0308000001  1.9701293
0.0336000001  2.10426739
0.0364000001  2.23813066
0.0392000001  2.37114071
0.0420000001  2.50272283
0.0448000001  2.63230849
0.0476000001  2.75933777
0.0504000001  2.88326181
0.0532000001  3.00354515
0.0560000001  3.11966808
0.0588000001  3.23112885
0.0616000001  3.33744588
0.0644000001  3.43815977
0.0672000001  3.53283537
0.0700000001  3.62106361
0.0728000001  3.70246327
0.0756000001  3.77668263
0.0784000001  3.84340103
0.0812000001  3.90233016
0.0840000001  3.95321543
0.0868000001  3.99583695
0.0896000001  4.03001058
0.0924000001  4.05558866
0.0952000001  4.07246066
0.0980000001  4.0805537
0.1008  4.07983279
0.1036  4.07030106
0.1064  4.05199969
0.1092  4.02500776
0.112  3.98944188
0.1148  3.94545575
0.1176  3.8932394
0.1204  3.83301846
0.1232  3.76505313
0.126  3.68963706
0.1288  3.60709613
0.1316  3.51778697
0.1344  3.42209546
0.1372  3.32043508
0.14  3.21324507
0.1428  3.10098857
0.1456  2.98415063
0.1484  2.86323608
0.1512  2.73876736
0.154  2.61128227
0.1568  2.48133166
0.1596  2.34947701
0.1624  2.21628804
0.1652  2.08234023
0.168  1.94821234
0.1708  1.8144839
0.1736  1.68173274
0.1764  1.55053243
0.1792  1.42144988
0.182  1.29504281
0.1848  1.17185741
0.1876  1.05242593
0.1904  0.93726442
0.1932  0.826870456
0.196  0.721721032
0.1988  0.622270477
0.2016  0.528948495
0.2044  0.442158311
0.2072  0.362274927
0.21  0.289643503
0.2128  0.224577863
0.2156  0.167359143
0.2184  0.118234572
0.22  0.0938806541
0.2201  1.11741447
0.2228  1.07790495
0.2256  1.03979242
0.2284  1.00302746
0.2312  0.967562443
0.234  0.933351394
0.2368  0.900349978
0.2396  0.868515426
0.2424  0.837806479
0.2452  0.808183338
0.248  0.779607612
0.2508  0.752042265
0.2536  0.725451574
0.2564  0.699801075
0.2592  0.675057526
0.262  0.651188859
0.2648  0.628164139
0.2676  0.605953527
0.2704  0.584528237
0.2732  0.563860502
0.276  0.543923537
0.2788  0.524691502
0.2816  0.506139473
0.2844  0.488243406
0.2872  0.470980108
0.29  0.454327205
0.2928  0.438263115
0.2956  0.422767018
0.2984  0.407818833
0.3012  0.393399184
0.304  0.379489386
0.3068  0.366071409
0.3096  0.353127866
0.3124  0.340641979
0.3152  0.328597569
0.318  0.316979024
0.3208  0.305771288
0.3236  0.294959834
0.3264  0.284530651
0.3292  0.274470224
0.332  0.264765512
0.3348  0.25540394
0.3376  0.246373374
0.3404  0.23766211
0.3432  0.229258859
0.346  0.22115273
0.3488  0.213333217
0.3516  0.205790187
0.3544  0.198513862
0.3572  0.191494814
0.36  0.184723945
0.3628  0.178192481
0.3656  0.171891955
0.3684  0.165814204
0.3712  0.159951349
0.374  0.154295793
0.3768  0.148840207
0.3796  0.143577518
0.3824  0.138500908
0.3852  0.133603796
0.388  0.128879837
0.3908  0.124322907
0.3936  0.1199271
0.3964  0.115686721
0.3992  0.111596273
0.402  0.107650454
0.4048  0.103844152
0.4076  0.100172433
0.4104  0.0966305389
0.4132  0.0932138787
0.416  0.0899180247
0.4188  0.0867387054
0.4216  0.0836718004
0.4244  0.080713335
0.4272  0.0778594749
0.43  0.0751065215
0.4328  0.072450907
0.4356  0.0698891896
0.4384  0.0674180494
0.4412  0.0650342837
0.444  0.0627348031
0.4468  0.0605166275
0.4496  0.0583768821
0.4524  0.0563127937
0.4552  0.0543216873
0.458  0.0524009825
0.4608  0.0505481898
0.4636  0.0487609082
0.4664  0.0470368212
0.4692  0.0453736945
0.472  0.0437693725
0.4748  0.0422217761
0.4776  0.0407288996
0.4804  0.0392888082
0.4832  0.0378996355
0.486  0.0365595811
0.4888  0.0352669083
0.4916  0.0340199419
0.4944  0.0328170656
0.4972  0.0316567206
0.5  0.0305374031
0.5028  0.0294576623
0.5056  0.028416099
0.5084  0.0274113633
0.5112  0.026442153
0.514  0.025507212
0.5168  0.0246053286
0.5196  0.023735334
0.5224  0.0228961007
0.5252  0.0220865409
0.528  0.0213056056
0.5308  0.0205522825
0.5336  0.0198255954
0.5364  0.0191246025
0.5392  0.0184483953
0.542  0.0177960974
0.5448  0.0171668634
0.5476  0.0165598779
0.5504  0.0159743541
0.5532  0.0154095333
0.556  0.0148646834
0.5588  0.0143390983
0.5616  0.0138320968
0.5644  0.0133430219
0.5672  0.0128712396
0.57  0.0124161387
0.5728  0.0119771291
0.5756  0.0115536421
0.5784  0.0111451287
0.5812  0.0107510595
0.584  0.0103709238
0.5868  0.010004229
0.5896  0.00965049969
0.5924  0.00930927756
0.5952  0.00898012036
0.598  0.00866260149
0.6008  0.00835630944
0.6036  0.00806084726
0.6064  0.00777583202
0.6092  0.00750089434
0.612  0.00723567791
0.6148  0.00697983899
0.6176  0.00673304601
0.6204  0.00649497914
0.6232  0.00626532983
0.626  0.00604380045
0.6288  0.00583010391
0.6316  0.00562396324
0.6344  0.00542511128
0.6372  0.00523329033
0.64  0.00504825178
0.6428  0.00486975582
0.6456  0.00469757112
0.6484  0.00453147451
0.6512  0.00437125075
0.654  0.00421669217
0.6568  0.00406759848
0.6596  0.00392377643
0.6624  0.00378503964
0.6652  0.0036512083
0.668  0.00352210897
0.6708  0.00339757433
0.6736  0.00327744298
0.6764  0.00316155923
0.6792  0.0030497729
0.682  0.00294193911
0.6848  0.0028379181
0.6876  0.00273757506
0.6904  0.00264077995
0.6932  0.00254740732
0.696  0.00245733615
0.6988  0.00237044972
0.7  0.00233415956
