-1  0.0107941174
-0.996  0.0110426113
-0.992  0.0112968259
-0.988  0.0115568929
-0.984  0.0118229469
-0.98  0.0120951258
-0.976  0.0123735706
-0.972  0.0126584255
-0.968  0.0129498381
-0.964  0.0132479595
-0.96  0.0135529439
-0.956  0.0138649495
-0.952  0.0141841378
-0.948  0.0145106743
-0.944  0.014844728
-0.94  0.015186472
-0.936  0.0155360834
-0.932  0.0158937433
-0.928  0.016259637
-0.924  0.016633954
-0.92  0.0170168883
-0.916  0.0174086381
-0.912  0.0178094066
-0.908  0.0182194012
-0.904  0.0186388344
-0.9  0.0190679235
-0.896  0.0195068907
-0.892  0.0199559635
-0.888  0.0204153746
-0.884  0.0208853618
-0.88  0.0213661687
-0.876  0.0218580444
-0.872  0.0223612437
-0.868  0.0228760273
-0.864  0.0234026618
-0.86  0.0239414201
-0.856  0.0244925813
-0.852  0.0250564308
-0.848  0.025633261
-0.844  0.0262233704
-0.84  0.0268270649
-0.836  0.0274446572
-0.832  0.0280764672
-0.828  0.0287228223
-0.824  0.0293840573
-0.82  0.0300605147
-0.816  0.0307525451
-0.812  0.0314605068
-0.808  0.0321847667
-0.804  0.0329256999
-0.8  0.0336836903
-0.796  0.0344591307
-0.792  0.0352524226
-0.788  0.036063977
-0.784  0.0368942145
-0.78  0.0377435651
-0.776  0.0386124688
-0.772  0.0395013757
-0.768  0.0404107463
-0.764  0.0413410518
-0.76  0.0422927741
-0.756  0.0432664062
-0.752  0.0442624525
-0.748  0.045281429
-0.744  0.0463238637
-0.74  0.0473902964
-0.736  0.0484812798
-0.732  0.049597379
-0.728  0.0507391722
-0.724  0.0519072508
-0.72  0.0531022201
-0.716  0.0543246991
-0.712  0.055575321
-0.708  0.0568547338
-0.704  0.0581636003
-0.7  0.0595025984
-0.696  0.060872422
-0.692  0.0622737807
-0.688  0.0637074003
-0.684  0.0651740237
-0.68  0.0666744105
-0.676  0.0682093381
-0.672  0.0697796017
-0.668  0.0713860146
-0.664  0.0730294092
-0.66  0.0747106367
-0.656  0.0764305682
-0.652  0.0781900947
-0.648  0.0799901276
-0.644  0.0818315995
-0.64  0.0837154644
-0.636  0.0856426982
-0.632  0.0876142993
-0.628  0.0896312891
-0.624  0.0916947125
-0.62  0.0938056385
-0.616  0.0959651606
-0.612  0.0981743976
-0.608  0.100434494
-0.604  0.102746621
-0.6  0.105111975
-0.596  0.107531783
-0.592  0.110007298
-0.588  0.112539803
-0.584  0.115130608
-0.58  0.117781058
-0.576  0.120492524
-0.572  0.123266411
-0.568  0.126104157
-0.564  0.129007231
-0.56  0.131977137
-0.556  0.135015414
-0.552  0.138123637
-0.548  0.141303414
-0.544  0.144556394
-0.54  0.147884261
-0.536  0.15128874
-0.532  0.154771595
-0.528  0.158334629
-0.524  0.161979688
-0.52  0.165708661
-0.516  0.16952348
-0.512  0.173426121
-0.508  0.177418605
-0.504  0.181503002
-0.5  0.185681426
-0.496  0.189956043
-0.492  0.194329066
-0.488  0.198802762
-0.484  0.203379448
-0.48  0.208061495
-0.476  0.212851329
-0.472  0.217751431
-0.468  0.222764338
-0.464  0.22789265
-0.46  0.233139021
-0.456  0.23850617
-0.452  0.243996878
-0.448  0.249613989
-0.444  0.255360412
-0.44  0.261239126
-0.436  0.267253174
-0.432  0.273405674
-0.428  0.279699811
-0.424  0.286138848
-0.42  0.292726119
-0.416  0.299465037
-0.412  0.306359094
-0.408  0.31341186
-0.404  0.320626989
-0.4  0.32800822
-0.396  0.335559376
-0.392  0.343284369
-0.388  0.351187201
-0.384  0.359271966
-0.38  0.367542852
-0.376  0.376004144
-0.372  0.384660226
-0.368  0.393515581
-0.364  0.402574798
-0.36  0.411842569
-0.356  0.421323695
-0.352  0.431023089
-0.348  0.440945775
-0.344  0.451096894
-0.34  0.461481704
-0.336  0.472105585
-0.332  0.48297404
-0.328  0.494092702
-0.324  0.505467328
-0.32  0.517103813
-0.316  0.529008184
-0.312  0.541186608
-0.308  0.553645395
-0.304  0.566390999
-0.3  0.579430022
-0.296  0.592769219
-0.292  0.606415502
-0.288  0.620375938
-0.284  0.634657762
-0.28  0.64926837
-0.276  0.664215333
-0.272  0.679506394
-0.268  0.695149474
-0.264  0.711152676
-0.26  0.727524293
-0.256  0.744272804
-0.252  0.761406887
-0.248  0.778935418
-0.244  0.796867477
-0.24  0.815212354
-0.236  0.833979553
-0.232  0.853178797
-0.228  0.872820031
-0.224  0.89291343
-0.22  0.913469404
-0.216  0.934498603
-0.212  0.956011919
-0.208  0.978020499
-0.204  1.00053574
-0.2  1.02356932
-0.196  1.04713315
-0.192  1.07123946
-0.188  1.09590072
-0.184  1.12112971
-0.18  1.14693951
-0.176  1.17334347
-0.172  1.2003553
-0.168  1.22798896
-0.164  1.25625879
-0.1625  1.26702697
-0.1625  1.26702697
-0.1585  1.29571786
-0.1545  1.32409641
-0.1505  1.35213515
-0.1465  1.37980696
-0.1425  1.40708509
-0.1385  1.43394314
-0.1345  1.46035514
-0.1305  1.48629555
-0.1265  1.51173926
-0.1225  1.53666168
-0.1185  1.56103869
-0.1145  1.58484672
-0.1105  1.60806274
-0.1065  1.63066429
-0.1025  1.65262951
-0.0984999999  1.67393717
-0.0944999999  1.69456664
-0.0904999999  1.71449797
-0.0864999999  1.73371189
-0.0824999999  1.75218982
-0.0784999999  1.76991387
-0.0744999999  1.78686691
-0.0704999999  1.80303253
-0.0664999999  1.81839511
-0.0624999999  1.83293979
-0.0584999999  1.84665248
-0.0544999999  1.85951994
-0.0504999999  1.87152972
-0.0464999999  1.88267019
-0.0424999999  1.89293059
-0.0384999999  1.90230099
-0.0344999999  1.91077233
-0.0304999999  1.91833641
-0.0264999999  1.92498591
-0.0224999999  1.93071441
-0.0184999999  1.93551636
-0.0144999999  1.93938713
-0.0104999999  1.94232296
-0.0064999999  1.94432101
-0.0024999999  1.94537936
0.0015000001  1.94549698
0.0055000001  1.94467375
0.0095000001  1.94291048
0.0135000001  1.94020886
0.0175000001  1.93657152
0.0215000001  1.93200196
0.0255000001  1.92650461
0.0295000001  1.92008479
0.0335000001  1.9127487
0.0375000001  1.90450345
0.0415000001  1.895357
0.0455000001  1.8853182
0.0495000001  1.87439677
0.0535000001  1.86260326
0.0575000001  1.84994909
0.0615000001  1.83644649
0.0655000001  1.82210852
0.0695000001  1.80694906
0.0735000001  1.79098276
0.0775000001  1.77422506
0.0815000001  1.75669219
0.0855000001  1.73840108
0.0895000001  1.71936945
0.0935000001  1.69961568
0.0975000001  1.6791589
0.1015  1.65801889
0.1055  1.63621609
0.1095  1.61377159
0.1135  1.59070711
0.1175  1.56704495
0.1215  1.54280799
0.1255  1.51801969
0.1295  1.49270401
0.1335  1.46688544
0.1375  1.44058896
0.1415  1.41384
0.1455  1.38666444
0.1495  1.35908855
0.1535  1.33113901
0.1575  1.30284286
0.1615  1.27422746
0.1625  1.26702697
0.1625  1.26702697
0.1665  1.23851482
0.1705  1.21064429
0.1745  1.18340093
0.1785  1.15677063
0.1825  1.13073961
0.1865  1.10529436
0.1905  1.08042171
0.1945  1.05610878
0.1985  1.03234296
0.2025  1.00911196
0.2065  0.986403719
0.2105  0.96420649
0.2145  0.942508769
0.2185  0.921299317
0.2225  0.900567145
0.2265  0.880301512
0.2305  0.860491921
0.2345  0.841128109
0.2385  0.822200045
0.2425  0.803697922
0.2465  0.785612156
0.2505  0.767933377
0.2545  0.750652428
0.2585  0.733760355
0.2625  0.717248407
0.2665  0.701108031
0.2705  0.685330864
0.2745  0.669908735
0.2785  0.654833652
0.2825  0.640097807
0.2865  0.625693565
0.2905  0.611613465
0.2945  0.597850212
0.2985  0.584396676
0.3025  0.571245887
0.3065  0.558391033
0.3105  0.545825454
0.3145  0.533542641
0.3185  0.52153623
0.3225  0.509800002
0.3265  0.498327877
0.3305  0.48711391
0.3345  0.476152294
0.3385  0.465437349
0.3425  0.454963525
0.3465  0.444725395
0.3505  0.434717655
0.3545  0.424935122
0.3585  0.415372727
0.3625  0.406025516
0.3665  0.396888647
0.3705  0.387957387
0.3745  0.379227109
0.3785  0.37069329
0.3825  0.362351509
0.3865  0.354197444
0.3905  0.346226872
0.3945  0.338435664
0.3985  0.330819782
0.4025  0.323375282
0.4065  0.316098307
0.4105  0.308985087
0.4145  0.302031938
0.4185  0.295235256
0.4225  0.288591521
0.4265  0.282097292
0.4305  0.275749203
0.4345  0.269543967
0.4385  0.263478368
0.4425  0.257549265
0.4465  0.251753585
0.4505  0.246088327
0.4545  0.240550555
0.4585  0.2351374
0.4625  0.229846059
0.4665  0.22467379
0.4705  0.219617913
0.4745  0.21467581
0.4785  0.209844919
0.4825  0.20512274
0.4865  0.200506824
0.4905  0.195994781
0.4945  0.191584274
0.4985  0.187273016
0.5025  0.183058776
0.5065  0.17893937
0.5105  0.174912664
0.5145  0.170976571
0.5185  0.167129053
0.5225  0.163368117
0.5265  0.159691813
0.5305  0.156098238
0.5345  0.15258553
0.5385  0.149151869
0.5425  0.145795476
0.5465  0.142514613
0.5505  0.13930758
0.5545  0.136172715
0.5585  0.133108395
0.5625  0.130113032
0.5665  0.127185074
0.5705  0.124323004
0.5745  0.12152534
0.5785  0.118790632
0.5825  0.116117464
0.5865  0.113504451
0.5905  0.110950239
0.5945  0.108453505
0.5985  0.106012955
0.6025  0.103627326
0.6065  0.10129538
0.6105  0.0990159112
0.6145  0.0967877375
0.6185  0.0946097048
0.6225  0.0924806848
0.6265  0.0903995745
0.6305  0.0883652958
0.6345  0.0863767949
0.6385  0.0844330416
0.6425  0.0825330289
0.6465  0.0806757726
0.6505  0.0788603105
0.6545  0.077085702
0.6585  0.0753510279
0.6625  0.0736553895
0.6665  0.0719979084
0.6705  0.0703777259
0.6745  0.0687940026
0.6785  0.0672459182
0.6825  0.0657326706
0.6865  0.064253476
0.6905  0.0628075679
0.6945  0.0613941973
0.6985  0.0600126321
0.7025  0.0586621565
0.7065  0.057342071
0.7105  0.0560516915
0.7145  0.0547903497
0.7185  0.0535573922
0.7225  0.0523521801
0.7265  0.0511740891
0.7305  0.0500225089
0.7345  0.0488968429
0.7385  0.0477965081
0.7425  0.0467209342
0.7465  0.0456695642
0.7505  0.0446418534
0.7545  0.0436372694
0.7585  0.0426552917
0.7625  0.0416954116
0.7665  0.0407571319
0.7705  0.0398399664
0.7745  0.0389434402
0.7785  0.0380670886
0.7825  0.0372104577
0.7865  0.0363731038
0.7905  0.0355545929
0.7945  0.0347545012
0.7985  0.0339724141
0.8025  0.0332079265
0.8065  0.0324606423
0.8105  0.0317301743
0.8145  0.0310161442
0.8185  0.0303181821
0.8225  0.0296359263
0.8265  0.0289690234
0.8305  0.028317128
0.8345  0.0276799024
0.8385  0.0270570163
0.8425  0.0264481472
0.8465  0.0258529795
0.8505  0.025271205
0.8545  0.0247025224
0.8585  0.0241466368
0.8625  0.0236032605
0.8665  0.0230721119
0.8705  0.0225529158
0.8745  0.0220454033
0.8785  0.0215493114
0.8825  0.0210643832
0.8865  0.0205903674
0.8905  0.0201270185
0.8945  0.0196740964
0.8985  0.0192313665
0.9025  0.0187985994
0.9065  0.018375571
0.9105  0.0179620621
0.9145  0.0175578584
0.9185  0.0171627506
0.9225  0.016776534
0.9265  0.0163990085
0.9305  0.0160299785
0.9345  0.0156692528
0.9385  0.0153166447
0.9425  0.0149719714
0.9465  0.0146350543
0.9505  0.0143057189
0.9545  0.0139837946
0.9585  0.0136691146
0.9625  0.0133615159
0.9665  0.0130608392
0.9705  0.0127669287
0.9745  0.0124796321
0.9785  0.0121988006
0.9825  0.0119242887
0.9865  0.0116559542
0.9905  0.011393658
0.9945  0.0111372644
0.9985  0.0108866404
1  0.0107941174
