-1  0.00903774523
-0.996  0.00925496131
-0.992  0.00947739803
-0.988  0.00970518087
-0.984  0.00993843832
-0.98  0.010177302
-0.976  0.0104219065
-0.972  0.01067239
-0.968  0.0109288936
-0.964  0.0111915622
-0.96  0.0114605438
-0.956  0.0117359902
-0.952  0.0120180568
-0.948  0.0123069026
-0.944  0.0126026907
-0.94  0.0129055878
-0.936  0.0132157649
-0.932  0.0135333968
-0.928  0.0138586629
-0.924  0.0141917464
-0.92  0.0145328354
-0.916  0.0148821223
-0.912  0.015239804
-0.908  0.0156060824
-0.904  0.015981164
-0.9  0.0163652604
-0.896  0.0167585884
-0.892  0.0171613697
-0.888  0.0175738316
-0.884  0.0179962067
-0.88  0.0184287333
-0.876  0.0188716555
-0.872  0.0193252229
-0.868  0.0197896916
-0.864  0.0202653234
-0.86  0.0207523867
-0.856  0.0212511563
-0.852  0.0217619134
-0.848  0.0222849462
-0.844  0.0228205498
-0.84  0.0233690263
-0.836  0.023930685
-0.832  0.0245058428
-0.828  0.0250948241
-0.824  0.0256979612
-0.82  0.0263155943
-0.816  0.0269480718
-0.812  0.0275957504
-0.808  0.0282589956
-0.804  0.0289381814
-0.8  0.0296336909
-0.796  0.0303459166
-0.792  0.0310752602
-0.788  0.031822133
-0.784  0.0325869564
-0.78  0.0333701618
-0.776  0.034172191
-0.772  0.0349934965
-0.768  0.0358345415
-0.764  0.0366958004
-0.76  0.0375777591
-0.756  0.0384809151
-0.752  0.0394057778
-0.748  0.0403528689
-0.744  0.0413227228
-0.74  0.0423158865
-0.736  0.0433329201
-0.732  0.0443743975
-0.728  0.0454409061
-0.724  0.0465330474
-0.72  0.0476514377
-0.716  0.0487967077
-0.712  0.0499695035
-0.708  0.0511704867
-0.704  0.0524003347
-0.7  0.0536597412
-0.696  0.0549494167
-0.692  0.0562700887
-0.688  0.0576225022
-0.684  0.0590074199
-0.68  0.0604256233
-0.676  0.0618779122
-0.672  0.0633651059
-0.668  0.0648880433
-0.664  0.0664475834
-0.66  0.0680446061
-0.656  0.0696800121
-0.652  0.0713547239
-0.648  0.0730696864
-0.644  0.0748258668
-0.64  0.0766242558
-0.636  0.0784658679
-0.632  0.0803517418
-0.628  0.0822829415
-0.624  0.0842605562
-0.62  0.0862857016
-0.616  0.08835952
-0.612  0.0904831812
-0.608  0.0926578831
-0.604  0.0948848525
-0.6  0.0971653457
-0.596  0.0995006489
-0.592  0.10189208
-0.588  0.104340987
-0.584  0.106848752
-0.58  0.109416789
-0.576  0.112046547
-0.572  0.11473951
-0.568  0.117497197
-0.564  0.120321162
-0.56  0.123213
-0.556  0.126174341
-0.552  0.129206855
-0.548  0.132312255
-0.544  0.13549229
-0.54  0.138748755
-0.536  0.142083488
-0.532  0.145498368
-0.528  0.148995323
-0.524  0.152576324
-0.52  0.156243393
-0.516  0.159998597
-0.512  0.163844055
-0.508  0.167781936
-0.504  0.171814461
-0.5  0.175943905
-0.496  0.180172597
-0.492  0.184502924
-0.488  0.188937326
-0.484  0.193478307
-0.48  0.198128427
-0.476  0.20289031
-0.472  0.207766641
-0.468  0.212760171
-0.464  0.217873718
-0.46  0.223110165
-0.456  0.228472466
-0.452  0.233963647
-0.448  0.239586805
-0.444  0.245345112
-0.44  0.251241815
-0.436  0.257280242
-0.432  0.263463798
-0.428  0.269795972
-0.424  0.276280335
-0.42  0.282920546
-0.416  0.28972035
-0.412  0.296683582
-0.408  0.303814171
-0.404  0.311116138
-0.4  0.318593604
-0.396  0.326250785
-0.392  0.334092002
-0.388  0.342121677
-0.384  0.35034434
-0.38  0.358764628
-0.376  0.367387293
-0.372  0.376217198
-0.368  0.385259323
-0.364  0.39451877
-0.36  0.404000761
-0.356  0.413710646
-0.352  0.423653901
-0.348  0.433836135
-0.344  0.444263093
-0.34  0.454940655
-0.336  0.465874845
-0.332  0.477071832
-0.328  0.48853793
-0.324  0.500279608
-0.32  0.512303489
-0.316  0.524616357
-0.312  0.537225155
-0.308  0.550136998
-0.304  0.563359168
-0.3  0.576899124
-0.296  0.590764503
-0.292  0.604963128
-0.288  0.619503006
-0.284  0.634392341
-0.28  0.649639531
-0.276  0.665253177
-0.272  0.681242087
-0.268  0.697615279
-0.264  0.714381989
-0.26  0.731551676
-0.256  0.749134025
-0.252  0.767138954
-0.248  0.785576619
-0.244  0.80445742
-0.24  0.823792009
-0.236  0.843591292
-0.232  0.863866437
-0.228  0.884628882
-0.224  0.905890337
-0.22  0.927662798
-0.216  0.949958544
-0.212  0.972790154
-0.208  0.996170506
-0.204  1.02011279
-0.2  1.04463051
-0.196  1.0697375
-0.192  1.09544791
-0.188  1.12177626
-0.184  1.14873739
-0.18  1.17634652
-0.176  1.20461921
-0.175  1.21179292
-0.175  1.21179292
-0.171  1.24046043
-0.167  1.26888511
-0.163  1.29704078
-0.159  1.32490151
-0.155  1.35244162
-0.151  1.37963574
-0.147  1.40645883
-0.143  1.43288618
-0.139  1.45889344
-0.135  1.48445665
-0.131  1.50955226
-0.127  1.53415716
-0.123  1.55824867
-0.119  1.58180462
-0.115  1.60480328
-0.111  1.62722349
-0.107  1.64904458
-0.103  1.67024646
-0.0989999999  1.69080959
-0.0949999999  1.71071503
-0.0909999999  1.72994444
-0.0869999999  1.74848011
-0.0829999999  1.76630496
-0.0789999999  1.78340258
-0.0749999999  1.79975721
-0.0709999999  1.81535378
-0.0669999999  1.83017794
-0.0629999999  1.84421601
-0.0589999999  1.85745508
-0.0549999999  1.86988294
-0.0509999999  1.88148815
-0.0469999999  1.89226002
-0.0429999999  1.90218861
-0.0389999999  1.91126479
-0.0349999999  1.9194802
-0.0309999999  1.92682726
-0.0269999999  1.93329922
-0.0229999999  1.9388901
-0.0189999999  1.94359475
-0.0149999999  1.94740885
-0.0109999999  1.95032888
-0.0069999999  1.95235214
-0.0029999999  1.95347678
0.0010000001  1.95370176
0.0050000001  1.95302688
0.0090000001  1.95145274
0.0130000001  1.94898081
0.0170000001  1.94561336
0.0210000001  1.94135349
0.0250000001  1.93620513
0.0290000001  1.93017302
0.0330000001  1.92326272
0.0370000001  1.91548059
0.0410000001  1.9068338
0.0450000001  1.89733031
0.0490000001  1.88697889
0.0530000001  1.87578907
0.0570000001  1.86377115
0.0610000001  1.8509362
0.0650000001  1.83729606
0.0690000001  1.82286328
0.0730000001  1.80765117
0.0770000001  1.79167372
0.0810000001  1.77494568
0.0850000001  1.75748243
0.0890000001  1.73930007
0.0930000001  1.72041536
0.0970000001  1.70084568
0.101  1.68060907
0.105  1.65972416
0.109  1.6382102
0.113  1.616087
0.117  1.59337494
0.121  1.57009496
0.125  1.54626849
0.129  1.52191747
0.133  1.49706436
0.137  1.47173203
0.141  1.44594383
0.145  1.41972351
0.149  1.39309522
0.153  1.3660835
0.157  1.33871323
0.161  1.31100962
0.165  1.2829982
0.169  1.25470477
0.173  1.22615538
0.175  1.21179292
0.175  1.21179292
0.179  1.18335186
0.183  1.15557832
0.187  1.12845663
0.191  1.10197149
0.195  1.07610797
0.199  1.05085146
0.203  1.02618774
0.207  1.00210287
0.211  0.978583287
0.215  0.955615711
0.219  0.933187189
0.223  0.91128507
0.227  0.889896998
0.231  0.86901091
0.235  0.848615023
0.239  0.828697832
0.243  0.809248102
0.247  0.790254862
0.251  0.771707398
0.255  0.753595247
0.259  0.735908192
0.263  0.718636257
0.267  0.701769697
0.271  0.685299
0.275  0.669214874
0.279  0.653508246
0.283  0.638170257
0.287  0.623192253
0.291  0.608565787
0.295  0.594282607
0.299  0.580334657
0.303  0.566714068
0.307  0.553413158
0.311  0.540424423
0.315  0.527740537
0.319  0.515354345
0.323  0.503258859
0.327  0.491447257
0.331  0.479912876
0.335  0.46864921
0.339  0.457649905
0.343  0.446908756
0.347  0.436419704
0.351  0.426176832
0.355  0.416174364
0.359  0.406406655
0.363  0.396868197
0.367  0.387553609
0.371  0.378457636
0.375  0.369575147
0.379  0.360901133
0.383  0.3524307
0.387  0.34415907
0.391  0.336081577
0.395  0.328193665
0.399  0.320490884
0.403  0.312968889
0.407  0.305623436
0.411  0.298450384
0.415  0.291445684
0.419  0.284605386
0.423  0.277925632
0.427  0.271402653
0.431  0.26503277
0.435  0.25881239
0.439  0.252738003
0.443  0.246806184
0.447  0.241013586
0.451  0.235356941
0.455  0.229833059
0.459  0.224438824
0.463  0.219171193
0.467  0.214027194
0.471  0.209003927
0.475  0.204098556
0.479  0.199308316
0.483  0.194630504
0.487  0.190062481
0.491  0.18560167
0.495  0.181245556
0.499  0.176991681
0.503  0.172837645
0.507  0.168781106
0.511  0.164819774
0.515  0.160951416
0.519  0.157173849
0.523  0.153484943
0.527  0.149882615
0.531  0.146364836
0.535  0.142929619
0.539  0.139575028
0.543  0.13629917
0.547  0.133100197
0.551  0.129976304
0.555  0.12692573
0.559  0.123946754
0.563  0.121037695
0.567  0.118196913
0.571  0.115422804
0.575  0.112713804
0.579  0.110068385
0.583  0.107485054
0.587  0.104962355
0.591  0.102498864
0.595  0.100093192
0.599  0.097743982
0.603  0.0954499081
0.607  0.0932096767
0.611  0.091022024
0.615  0.0888857161
0.619  0.0867995478
0.623  0.0847623423
0.627  0.0827729505
0.631  0.0808302502
0.635  0.0789331456
0.639  0.0770805664
0.643  0.0752714677
0.647  0.0735048289
0.651  0.0717796536
0.655  0.0700949685
0.659  0.0684498234
0.663  0.0668432902
0.667  0.0652744627
0.671  0.063742456
0.675  0.0622464058
0.679  0.0607854683
0.683  0.0593588193
0.687  0.0579656541
0.691  0.0566051867
0.695  0.0552766499
0.699  0.0539792942
0.703  0.0527123876
0.707  0.0514752157
0.711  0.0502670805
0.715  0.0490873005
0.719  0.0479352102
0.723  0.0468101597
0.727  0.0457115145
0.731  0.0446386546
0.735  0.0435909751
0.739  0.0425678848
0.743  0.0415688067
0.747  0.0405931772
0.751  0.039640446
0.755  0.0387100755
0.759  0.0378015411
0.763  0.0369143302
0.767  0.0360479423
0.771  0.0352018888
0.775  0.0343756923
0.779  0.0335688869
0.783  0.0327810173
0.787  0.0320116393
0.791  0.0312603187
0.795  0.0305266318
0.799  0.0298101647
0.803  0.0291105132
0.807  0.0284272827
0.811  0.0277600878
0.815  0.0271085521
0.819  0.0264723082
0.823  0.025850997
0.827  0.0252442681
0.831  0.0246517793
0.835  0.0240731963
0.839  0.0235081928
0.843  0.0229564501
0.847  0.0224176569
0.851  0.0218915093
0.855  0.0213777105
0.859  0.0208759707
0.863  0.0203860069
0.867  0.0199075426
0.871  0.0194403079
0.875  0.0189840394
0.879  0.0185384796
0.883  0.0181033772
0.887  0.0176784868
0.891  0.0172635686
0.895  0.0168583886
0.899  0.0164627184
0.903  0.0160763346
0.907  0.0156990193
0.911  0.0153305597
0.915  0.0149707479
0.919  0.014619381
0.923  0.0142762607
0.927  0.0139411936
0.931  0.0136139905
0.935  0.013294467
0.939  0.0129824428
0.943  0.0126777419
0.947  0.0123801923
0.951  0.0120896264
0.955  0.01180588
0.959  0.0115287933
0.963  0.0112582099
0.967  0.0109939771
0.971  0.0107359459
0.975  0.0104839707
0.979  0.0102379095
0.983  0.00999762343
0.987  0.00976297689
0.991  0.00953383757
0.995  0.00931007619
0.999  0.00909156655
1  0.00903774523
