-1  0.00770792949
-0.996  0.00790035013
-0.992  0.00809757436
-0.988  0.00829972209
-0.984  0.00850691624
-0.98  0.00871928277
-0.976  0.00893695082
-0.972  0.00916005274
-0.968  0.00938872416
-0.964  0.00962310414
-0.96  0.00986333517
-0.956  0.0101095633
-0.952  0.0103619383
-0.948  0.0106206136
-0.944  0.0108857465
-0.94  0.0111574981
-0.936  0.0114360337
-0.932  0.0117215227
-0.928  0.0120141386
-0.924  0.0123140594
-0.92  0.0126214674
-0.916  0.0129365495
-0.912  0.0132594974
-0.908  0.0135905073
-0.904  0.0139297805
-0.9  0.0142775233
-0.896  0.0146339472
-0.892  0.0149992689
-0.888  0.0153737104
-0.884  0.0157574995
-0.88  0.0161508695
-0.876  0.0165540596
-0.872  0.0169673149
-0.868  0.0173908867
-0.864  0.0178250325
-0.86  0.0182700164
-0.856  0.0187261088
-0.852  0.0191935871
-0.848  0.0196727356
-0.844  0.0201638455
-0.84  0.0206672154
-0.836  0.0211831515
-0.832  0.0217119674
-0.828  0.0222539846
-0.824  0.0228095328
-0.82  0.0233789496
-0.816  0.0239625814
-0.812  0.0245607829
-0.808  0.0251739179
-0.804  0.0258023593
-0.8  0.026446489
-0.796  0.0271066988
-0.792  0.02778339
-0.788  0.0284769742
-0.784  0.029187873
-0.78  0.0299165186
-0.776  0.0306633541
-0.772  0.0314288337
-0.768  0.0322134226
-0.764  0.0330175981
-0.76  0.0338418489
-0.756  0.0346866763
-0.752  0.035552594
-0.748  0.0364401285
-0.744  0.0373498193
-0.74  0.0382822197
-0.736  0.0392378965
-0.732  0.0402174308
-0.728  0.0412214181
-0.724  0.042250469
-0.72  0.0433052091
-0.716  0.0443862798
-0.712  0.0454943382
-0.708  0.0466300582
-0.704  0.0477941303
-0.7  0.0489872623
-0.696  0.0502101796
-0.692  0.0514636258
-0.688  0.0527483631
-0.684  0.0540651724
-0.68  0.0554148546
-0.676  0.0567982303
-0.672  0.0582161405
-0.668  0.0596694474
-0.664  0.0611590346
-0.66  0.0626858079
-0.656  0.0642506955
-0.652  0.065854649
-0.648  0.0674986435
-0.644  0.0691836786
-0.64  0.070910779
-0.636  0.0726809947
-0.632  0.074495402
-0.628  0.0763551042
-0.624  0.0782612319
-0.62  0.0802149442
-0.616  0.0822174289
-0.612  0.0842699036
-0.608  0.0863736163
-0.604  0.088529846
-0.6  0.0907399038
-0.596  0.0930051335
-0.592  0.0953269123
-0.588  0.097706652
-0.584  0.100145799
-0.58  0.102645838
-0.576  0.105208287
-0.572  0.107834705
-0.568  0.110526689
-0.564  0.113285876
-0.56  0.116113943
-0.556  0.11901261
-0.552  0.121983639
-0.548  0.125028837
-0.544  0.128150055
-0.54  0.131349191
-0.536  0.13462819
-0.532  0.137989046
-0.528  0.141433803
-0.524  0.144964554
-0.52  0.148583448
-0.516  0.152292683
-0.512  0.156094515
-0.508  0.159991256
-0.504  0.163985276
-0.5  0.168079002
-0.496  0.172274923
-0.492  0.176575592
-0.488  0.180983623
-0.484  0.185501695
-0.48  0.190132557
-0.476  0.194879023
-0.472  0.199743981
-0.468  0.204730387
-0.464  0.209841273
-0.46  0.215079748
-0.456  0.220448995
-0.452  0.225952281
-0.448  0.23159295
-0.444  0.237374433
-0.44  0.243300245
-0.436  0.249373989
-0.432  0.255599358
-0.428  0.261980137
-0.424  0.268520205
-0.42  0.27522354
-0.416  0.282094216
-0.412  0.289136412
-0.408  0.29635441
-0.404  0.303752597
-0.4  0.311335472
-0.396  0.319107647
-0.392  0.327073845
-0.388  0.335238912
-0.384  0.343607812
-0.38  0.352185632
-0.376  0.360977589
-0.372  0.369989029
-0.368  0.379225429
-0.364  0.388692408
-0.36  0.398395719
-0.356  0.408341264
-0.352  0.41853509
-0.348  0.428983394
-0.344  0.439692529
-0.34  0.450669007
-0.336  0.461919502
-0.332  0.473450854
-0.328  0.485270074
-0.324  0.497384349
-0.32  0.509801045
-0.316  0.522527711
-0.312  0.535572085
-0.308  0.548942099
-0.304  0.562645882
-0.3  0.576691766
-0.296  0.591088291
-0.292  0.605844211
-0.288  0.620968497
-0.284  0.636470346
-0.28  0.652359182
-0.276  0.668644667
-0.272  0.685336703
-0.268  0.702445439
-0.264  0.719981277
-0.26  0.737954879
-0.256  0.756377174
-0.252  0.775259363
-0.248  0.794612927
-0.244  0.814449633
-0.24  0.834781542
-0.236  0.855621016
-0.232  0.876980727
-0.228  0.898873662
-0.224  0.921313131
-0.22  0.944312779
-0.216  0.96788659
-0.212  0.992048897
-0.208  1.01681439
-0.204  1.04219813
-0.2  1.06821555
-0.196  1.09488247
-0.192  1.1222151
-0.188  1.15023006
-0.1875  1.15378075
-0.1875  1.15378075
-0.1835  1.18214822
-0.1795  1.21033543
-0.1755  1.23831764
-0.1715  1.26607031
-0.1675  1.29356909
-0.1635  1.32078985
-0.1595  1.34770873
-0.1555  1.37430209
-0.1515  1.40054661
-0.1475  1.42641927
-0.1435  1.45189736
-0.1395  1.47695855
-0.1355  1.50158083
-0.1315  1.52574262
-0.1275  1.54942271
-0.1235  1.57260032
-0.1195  1.59525514
-0.1155  1.61736727
-0.1115  1.63891733
-0.1075  1.6598864
-0.1035  1.6802561
-0.0994999999  1.70000854
-0.0954999999  1.71912641
-0.0914999999  1.73759293
-0.0874999999  1.7553919
-0.0834999999  1.7725077
-0.0794999999  1.78892533
-0.0754999999  1.80463037
-0.0714999999  1.81960905
-0.0674999999  1.83384822
-0.0634999999  1.84733541
-0.0594999999  1.86005877
-0.0554999999  1.87200714
-0.0514999999  1.88317004
-0.0474999999  1.89353768
-0.0434999999  1.90310096
-0.0394999999  1.9118515
-0.0354999999  1.91978161
-0.0314999999  1.92688433
-0.0274999999  1.93315345
-0.0234999999  1.93858345
-0.0194999999  1.94316958
-0.0154999999  1.9469078
-0.0114999999  1.94979485
-0.0074999999  1.95182819
-0.0034999999  1.95300603
0.0005000001  1.95332734
0.0045000001  1.95279184
0.0085000001  1.9514
0.0125000001  1.94915304
0.0165000001  1.94605293
0.0205000001  1.94210239
0.0245000001  1.93730489
0.0285000001  1.93166463
0.0325000001  1.92518657
0.0365000001  1.91787639
0.0405000001  1.90974049
0.0445000001  1.90078602
0.0485000001  1.89102084
0.0525000001  1.8804535
0.0565000001  1.86909329
0.0605000001  1.85695016
0.0645000001  1.84403477
0.0685000001  1.83035845
0.0725000001  1.8159332
0.0765000001  1.80077167
0.0805000001  1.78488717
0.0845000001  1.76829363
0.0885000001  1.7510056
0.0925000001  1.73303826
0.0965000001  1.71440736
0.1005  1.69512925
0.1045  1.67522085
0.1085  1.65469961
0.1125  1.63358355
0.1165  1.61189118
0.1205  1.58964154
0.1245  1.56685414
0.1285  1.54354899
0.1325  1.51974651
0.1365  1.4954676
0.1405  1.47073355
0.1445  1.44556606
0.1485  1.41998721
0.1525  1.39401945
0.1565  1.36768554
0.1605  1.34100861
0.1645  1.31401204
0.1685  1.28671952
0.1725  1.259155
0.1765  1.23134265
0.1805  1.20330688
0.1845  1.17507228
0.1875  1.15378075
0.1875  1.15378075
0.1915  1.12567931
0.1955  1.0982623
0.1995  1.07151307
0.2035  1.04541533
0.2075  1.01995323
0.2115  0.99511129
0.2155  0.970874396
0.2195  0.947227814
0.2235  0.924157168
0.2275  0.901648429
0.2315  0.879687913
0.2355  0.858262266
0.2395  0.837358461
0.2435  0.816963789
0.2475  0.797065848
0.2515  0.777652541
0.2555  0.758712064
0.2595  0.7402329
0.2635  0.722203815
0.2675  0.704613845
0.2715  0.687452295
0.2755  0.670708732
0.2795  0.654372975
0.2835  0.63843509
0.2875  0.622885388
0.2915  0.607714414
0.2955  0.592912944
0.2995  0.578471978
0.3035  0.564382735
0.3075  0.55063665
0.3115  0.537225363
0.3155  0.524140722
0.3195  0.511374769
0.3235  0.498919744
0.3275  0.486768073
0.3315  0.474912367
0.3355  0.463345419
0.3395  0.452060195
0.3435  0.441049833
0.3475  0.430307639
0.3515  0.419827082
0.3555  0.409601789
0.3595  0.399625542
0.3635  0.389892277
0.3675  0.380396075
0.3715  0.371131162
0.3755  0.362091905
0.3795  0.353272807
0.3835  0.344668508
0.3875  0.336273774
0.3915  0.328083502
0.3955  0.320092712
0.3995  0.312296546
0.4035  0.304690262
0.4075  0.297269237
0.4115  0.290028958
0.4155  0.282965024
0.4195  0.276073138
0.4235  0.26934911
0.4275  0.262788853
0.4315  0.256388377
0.4355  0.250143791
0.4395  0.244051298
0.4435  0.238107194
0.4475  0.232307863
0.4515  0.226649782
0.4555  0.221129508
0.4595  0.215743685
0.4635  0.21048904
0.4675  0.205362377
0.4715  0.200360578
0.4755  0.195480603
0.4795  0.190719484
0.4835  0.186074328
0.4875  0.181542308
0.4915  0.17712067
0.4955  0.172806726
0.4995  0.168597851
0.5035  0.164491488
0.5075  0.160485139
0.5115  0.156576369
0.5155  0.152762801
0.5195  0.149042115
0.5235  0.145412051
0.5275  0.1418704
0.5315  0.13841501
0.5355  0.135043779
0.5395  0.131754658
0.5435  0.128545646
0.5475  0.125414793
0.5515  0.122360195
0.5555  0.119379994
0.5595  0.116472379
0.5635  0.113635582
0.5675  0.110867878
0.5715  0.108167584
0.5755  0.105533058
0.5795  0.102962699
0.5835  0.100454943
0.5875  0.0980082664
0.5915  0.0956211806
0.5955  0.0932922346
0.5995  0.0910200123
0.6035  0.0888031322
0.6075  0.0866402463
0.6115  0.0845300396
0.6155  0.082471229
0.6195  0.0804625627
0.6235  0.0785028195
0.6275  0.0765908076
0.6315  0.0747253647
0.6355  0.0729053564
0.6395  0.0711296762
0.6435  0.0693972444
0.6475  0.0677070076
0.6515  0.0660579382
0.6555  0.0644490334
0.6595  0.0628793151
0.6635  0.0613478288
0.6675  0.0598536433
0.6715  0.0583958501
0.6755  0.0569735629
0.6795  0.0555859169
0.6835  0.0542320683
0.6875  0.052911194
0.6915  0.0516224909
0.6955  0.0503651753
0.6995  0.049138483
0.7035  0.0479416678
0.7075  0.0467740023
0.7115  0.0456347764
0.7155  0.0445232974
0.7195  0.0434388896
0.7235  0.0423808936
0.7275  0.0413486661
0.7315  0.0403415795
0.7355  0.0393590214
0.7395  0.0384003945
0.7435  0.0374651159
0.7475  0.0365526169
0.7515  0.0356623427
0.7555  0.034793752
0.7595  0.0339463166
0.7635  0.0331195213
0.7675  0.0323128635
0.7715  0.0315258525
0.7755  0.03075801
0.7795  0.030008869
0.7835  0.0292779741
0.7875  0.0285648808
0.7915  0.0278691556
0.7955  0.0271903755
0.7995  0.0265281277
0.8035  0.0258820096
0.8075  0.0252516283
0.8115  0.0246366005
0.8155  0.0240365524
0.8195  0.023451119
0.8235  0.0228799444
0.8275  0.0223226813
0.8315  0.0217789909
0.8355  0.0212485425
0.8395  0.0207310138
0.8435  0.02022609
0.8475  0.0197334641
0.8515  0.0192528365
0.8555  0.0187839152
0.8595  0.0183264148
0.8635  0.0178800573
0.8675  0.0174445713
0.8715  0.0170196919
0.8755  0.0166051609
0.8795  0.0162007262
0.8835  0.0158061419
0.8875  0.0154211681
0.8915  0.0150455707
0.8955  0.0146791213
0.8995  0.0143215972
0.9035  0.0139727809
0.9075  0.0136324603
0.9115  0.0133004286
0.9155  0.0129764839
0.9195  0.0126604291
0.9235  0.0123520721
0.9275  0.0120512255
0.9315  0.0117577063
0.9355  0.011471336
0.9395  0.0111919406
0.9435  0.0109193501
0.9475  0.0106533988
0.9515  0.010393925
0.9555  0.0101407709
0.9595  0.00989378268
0.9635  0.00965281007
0.9675  0.00941770657
0.9715  0.00918832925
0.9755  0.00896453864
0.9795  0.00874619866
0.9835  0.00853317656
0.9875  0.00832534282
0.9915  0.00812257107
0.9955  0.00792473803
0.9995  0.00773172339
1  0.00770792949
