-1  0.0131459976
-0.996  0.0134341172
-0.992  0.0137285514
-0.988  0.0140294388
-0.984  0.0143369207
-0.98  0.0146511416
-0.976  0.0149722493
-0.972  0.0153003946
-0.968  0.0156357319
-0.964  0.0159784188
-0.96  0.0163286163
-0.956  0.016686489
-0.952  0.0170522052
-0.948  0.0174259367
-0.944  0.0178078593
-0.94  0.0181981525
-0.936  0.0185969997
-0.932  0.0190045883
-0.928  0.0194211101
-0.924  0.0198467607
-0.92  0.0202817403
-0.916  0.0207262532
-0.912  0.0211805086
-0.908  0.0216447198
-0.904  0.022119105
-0.9  0.0226038873
-0.896  0.0230992946
-0.892  0.0236055596
-0.888  0.0241229204
-0.884  0.0246516202
-0.88  0.0251919074
-0.876  0.025744036
-0.872  0.0263082656
-0.868  0.0268848614
-0.864  0.0274740943
-0.86  0.0280762414
-0.856  0.0286915857
-0.852  0.0293204165
-0.848  0.0299630293
-0.844  0.0306197261
-0.84  0.0312908158
-0.836  0.0319766136
-0.832  0.032677442
-0.828  0.0333936304
-0.824  0.0341255154
-0.82  0.0348734411
-0.816  0.035637759
-0.812  0.0364188283
-0.808  0.0372170163
-0.804  0.0380326981
-0.8  0.0388662572
-0.796  0.0397180852
-0.792  0.0405885827
-0.788  0.0414781588
-0.784  0.0423872317
-0.78  0.0433162286
-0.776  0.0442655862
-0.772  0.0452357509
-0.768  0.0462271785
-0.764  0.0472403352
-0.76  0.0482756971
-0.756  0.049333751
-0.752  0.0504149941
-0.748  0.0515199348
-0.744  0.0526490923
-0.74  0.0538029974
-0.736  0.0549821926
-0.732  0.0561872321
-0.728  0.0574186823
-0.724  0.0586771221
-0.72  0.059963143
-0.716  0.0612773495
-0.712  0.0626203593
-0.708  0.0639928038
-0.704  0.065395328
-0.7  0.0668285911
-0.696  0.068293267
-0.692  0.069790044
-0.688  0.0713196258
-0.684  0.0728827312
-0.68  0.0744800951
-0.676  0.0761124683
-0.672  0.077780618
-0.668  0.0794853284
-0.664  0.0812274008
-0.66  0.083007654
-0.656  0.0848269249
-0.652  0.0866860685
-0.648  0.0885859588
-0.644  0.0905274888
-0.64  0.0925115712
-0.636  0.0945391385
-0.632  0.0966111438
-0.628  0.098728561
-0.624  0.100892386
-0.62  0.103103634
-0.616  0.105363347
-0.612  0.107672585
-0.608  0.110032435
-0.604  0.112444006
-0.6  0.11490843
-0.596  0.117426867
-0.592  0.120000501
-0.588  0.12263054
-0.584  0.125318222
-0.58  0.12806481
-0.576  0.130871594
-0.572  0.133739894
-0.568  0.136671059
-0.564  0.139666465
-0.56  0.142727522
-0.556  0.145855667
-0.552  0.149052372
-0.548  0.152319139
-0.544  0.155657503
-0.54  0.159069034
-0.536  0.162555335
-0.532  0.166118044
-0.528  0.169758838
-0.524  0.173479426
-0.52  0.177281558
-0.516  0.181167021
-0.512  0.185137641
-0.508  0.189195285
-0.504  0.193341861
-0.5  0.197579316
-0.496  0.201909643
-0.492  0.206334877
-0.488  0.210857099
-0.484  0.215478434
-0.48  0.220201054
-0.476  0.22502718
-0.472  0.229959079
-0.468  0.23499907
-0.464  0.240149523
-0.46  0.245412857
-0.456  0.250791547
-0.452  0.256288122
-0.448  0.261905164
-0.444  0.267645315
-0.44  0.273511271
-0.436  0.279505792
-0.432  0.285631694
-0.428  0.291891856
-0.424  0.298289223
-0.42  0.304826799
-0.416  0.311507659
-0.412  0.318334943
-0.408  0.325311859
-0.404  0.332441688
-0.4  0.339727781
-0.396  0.347173563
-0.392  0.354782533
-0.388  0.362558268
-0.384  0.370504423
-0.38  0.378624733
-0.376  0.386923015
-0.372  0.39540317
-0.368  0.404069184
-0.364  0.412925129
-0.36  0.42197517
-0.356  0.43122356
-0.352  0.440674646
-0.348  0.45033287
-0.344  0.460202773
-0.34  0.470288993
-0.336  0.480596272
-0.332  0.491129455
-0.328  0.501893492
-0.324  0.512893444
-0.32  0.524134481
-0.316  0.535621886
-0.312  0.54736106
-0.308  0.559357521
-0.304  0.571616906
-0.3  0.58414498
-0.296  0.596947629
-0.292  0.610030874
-0.288  0.623400862
-0.284  0.63706388
-0.28  0.651026348
-0.276  0.665294831
-0.272  0.679876034
-0.268  0.694776813
-0.264  0.71000417
-0.26  0.725565264
-0.256  0.741467409
-0.252  0.757718079
-0.248  0.774324914
-0.244  0.79129572
-0.24  0.808638473
-0.236  0.826361325
-0.232  0.844472608
-0.228  0.862980833
-0.224  0.881894702
-0.22  0.901223104
-0.216  0.920975125
-0.212  0.94116005
-0.208  0.961787365
-0.204  0.982866767
-0.2  1.00440816
-0.196  1.02642168
-0.192  1.04891767
-0.188  1.0719067
-0.184  1.09539957
-0.18  1.11940734
-0.176  1.14394129
-0.172  1.16901294
-0.168  1.19463408
-0.164  1.22081677
-0.16  1.24757329
-0.156  1.27491624
-0.152  1.30285845
-0.15  1.31705838
-0.15  1.31705838
-0.146  1.34542809
-0.142  1.37340994
-0.138  1.40097553
-0.134  1.42809688
-0.13  1.45474644
-0.126  1.48089716
-0.122  1.50652249
-0.118  1.53159643
-0.114  1.5560935
-0.11  1.57998885
-0.106  1.60325822
-0.102  1.62587797
-0.0979999999  1.64782514
-0.0939999999  1.66907747
-0.0899999999  1.68961335
-0.0859999999  1.70941196
-0.0819999999  1.72845319
-0.0779999999  1.74671771
-0.0739999999  1.76418697
-0.0699999999  1.78084325
-0.0659999999  1.79666962
-0.0619999999  1.81165003
-0.0579999999  1.82576926
-0.0539999999  1.83901298
-0.0499999999  1.85136775
-0.0459999999  1.86282102
-0.0419999999  1.87336117
-0.0379999999  1.88297749
-0.0339999999  1.89166022
-0.0299999999  1.89940055
-0.0259999999  1.90619061
-0.0219999999  1.91202352
-0.0179999999  1.91689336
-0.0139999999  1.92079517
-0.0099999999  1.923725
-0.0059999999  1.92567988
-0.0019999999  1.92665781
0.0020000001  1.92665781
0.0060000001  1.92567988
0.0100000001  1.923725
0.0140000001  1.92079517
0.0180000001  1.91689336
0.0220000001  1.91202352
0.0260000001  1.90619061
0.0300000001  1.89940055
0.0340000001  1.89166022
0.0380000001  1.88297749
0.0420000001  1.87336117
0.0460000001  1.86282102
0.0500000001  1.85136775
0.0540000001  1.83901298
0.0580000001  1.82576926
0.0620000001  1.81165003
0.0660000001  1.79666962
0.0700000001  1.78084324
0.0740000001  1.76418697
0.0780000001  1.74671771
0.0820000001  1.72845319
0.0860000001  1.70941196
0.0900000001  1.68961335
0.0940000001  1.66907746
0.0980000001  1.64782514
0.102  1.62587797
0.106  1.60325821
0.11  1.57998885
0.114  1.5560935
0.118  1.53159643
0.122  1.50652249
0.126  1.48089716
0.13  1.45474643
0.134  1.42809687
0.138  1.40097553
0.142  1.37340994
0.146  1.34542809
0.15  1.31705838
0.15  1.31705838
0.154  1.28881162
0.158  1.26117066
0.162  1.23412252
0.166  1.20765447
0.17  1.18175408
0.174  1.15640917
0.178  1.13160783
0.182  1.1073384
0.186  1.08358947
0.19  1.06034988
0.194  1.03760871
0.198  1.01535527
0.202  0.993579087
0.206  0.97226994
0.21  0.951417806
0.214  0.931012885
0.218  0.911045586
0.222  0.891506522
0.226  0.87238651
0.23  0.853676562
0.234  0.835367884
0.238  0.817451869
0.242  0.799920096
0.246  0.782764325
0.25  0.765976491
0.254  0.749548704
0.258  0.733473241
0.262  0.717742546
0.266  0.702349224
0.27  0.687286042
0.274  0.672545917
0.278  0.658121921
0.282  0.644007275
0.286  0.630195344
0.29  0.616679635
0.294  0.603453795
0.298  0.590511609
0.302  0.577846991
0.306  0.56545399
0.31  0.55332678
0.314  0.54145966
0.318  0.529847052
0.322  0.518483499
0.326  0.507363658
0.33  0.496482302
0.334  0.485834318
0.338  0.475414699
0.342  0.465218549
0.346  0.455241073
0.35  0.445477583
0.354  0.43592349
0.358  0.426574301
0.362  0.417425624
0.366  0.408473157
0.37  0.399712691
0.374  0.391140111
0.378  0.382751385
0.382  0.374542571
0.386  0.366509811
0.39  0.358649328
0.394  0.350957427
0.398  0.343430494
0.402  0.336064989
0.406  0.328857452
0.41  0.321804493
0.414  0.314902799
0.418  0.308149124
0.422  0.301540294
0.426  0.295073202
0.43  0.28874481
0.434  0.282552141
0.438  0.276492286
0.442  0.270562396
0.446  0.264759683
0.45  0.25908142
0.454  0.253524938
0.458  0.248087626
0.462  0.242766926
0.466  0.237560339
0.47  0.232465416
0.474  0.227479764
0.478  0.222601038
0.482  0.217826946
0.486  0.213155243
0.49  0.208583733
0.494  0.204110267
0.498  0.199732744
0.502  0.195449104
0.506  0.191257336
0.51  0.187155467
0.514  0.183141571
0.518  0.17921376
0.522  0.175370188
0.526  0.171609049
0.53  0.167928574
0.534  0.164327034
0.538  0.160802736
0.542  0.157354023
0.546  0.153979274
0.55  0.150676902
0.554  0.147445357
0.558  0.144283117
0.562  0.141188698
0.566  0.138160644
0.57  0.135197533
0.574  0.132297971
0.578  0.129460595
0.582  0.126684073
0.586  0.123967097
0.59  0.121308393
0.594  0.118706709
0.598  0.116160824
0.602  0.113669539
0.606  0.111231685
0.61  0.108846115
0.614  0.106511708
0.618  0.104227367
0.622  0.101992017
0.626  0.0998046092
0.63  0.0976641141
0.634  0.0955695259
0.638  0.09351986
0.642  0.0915141531
0.646  0.0895514622
0.65  0.0876308649
0.654  0.0857514583
0.658  0.0839123591
0.662  0.0821127028
0.666  0.0803516435
0.67  0.0786283534
0.674  0.0769420224
0.678  0.0752918579
0.682  0.0736770843
0.686  0.0720969424
0.69  0.0705506897
0.694  0.0690375992
0.698  0.0675569597
0.702  0.0661080753
0.706  0.064690265
0.71  0.0633028621
0.714  0.0619452148
0.718  0.0606166847
0.722  0.0593166473
0.726  0.0580444917
0.73  0.0567996199
0.734  0.0555814466
0.738  0.0543893993
0.742  0.0532229177
0.746  0.0520814534
0.75  0.05096447
0.754  0.0498714423
0.758  0.0488018567
0.762  0.0477552103
0.766  0.0467310112
0.77  0.0457287779
0.774  0.0447480394
0.778  0.0437883346
0.782  0.0428492125
0.786  0.0419302316
0.79  0.04103096
0.794  0.0401509749
0.798  0.0392898627
0.802  0.0384472187
0.806  0.0376226467
0.81  0.0368157592
0.814  0.0360261769
0.818  0.0352535287
0.822  0.0344974513
0.826  0.0337575894
0.83  0.0330335953
0.834  0.0323251285
0.838  0.0316318561
0.842  0.0309534523
0.846  0.030289598
0.85  0.0296399814
0.854  0.029004297
0.858  0.028382246
0.862  0.027773536
0.866  0.027177881
0.87  0.0265950009
0.874  0.0260246217
0.878  0.0254664754
0.882  0.0249202996
0.886  0.0243858375
0.89  0.023862838
0.894  0.0233510551
0.898  0.0228502484
0.902  0.0223601824
0.906  0.0218806268
0.91  0.0214113561
0.914  0.0209521499
0.918  0.0205027921
0.922  0.0200630717
0.926  0.0196327819
0.93  0.0192117204
0.934  0.0187996894
0.938  0.0183964952
0.942  0.0180019482
0.946  0.017615863
0.95  0.0172380581
0.954  0.016868356
0.958  0.0165065828
0.962  0.0161525685
0.966  0.0158061466
0.97  0.0154671545
0.974  0.0151354327
0.978  0.0148108252
0.982  0.0144931796
0.986  0.0141823464
0.99  0.0138781797
0.994  0.0135805364
0.998  0.0132892766
1  0.0131459976
