-1  0.00668810379
-0.996  0.006860775
-0.992  0.00703790417
-0.988  0.0072196064
-0.984  0.00740599977
-0.98  0.00759720537
-0.976  0.00779334745
-0.972  0.00799455347
-0.968  0.00820095415
-0.964  0.00841268361
-0.96  0.00862987944
-0.956  0.00885268275
-0.952  0.00908123833
-0.948  0.00931569468
-0.944  0.00955620414
-0.94  0.00980292299
-0.936  0.0100560115
-0.932  0.0103156343
-0.928  0.0105819598
-0.924  0.0108551613
-0.92  0.0111354162
-0.916  0.0114229066
-0.912  0.0117178193
-0.908  0.012020346
-0.904  0.0123306833
-0.9  0.0126490327
-0.896  0.0129756012
-0.892  0.0133106008
-0.888  0.0136542494
-0.884  0.0140067703
-0.88  0.0143683923
-0.876  0.0147393506
-0.872  0.0151198862
-0.868  0.0155102463
-0.864  0.0159106846
-0.86  0.0163214613
-0.856  0.0167428433
-0.852  0.0171751044
-0.848  0.0176185254
-0.844  0.0180733945
-0.84  0.0185400073
-0.836  0.019018667
-0.832  0.0195096845
-0.828  0.020013379
-0.824  0.0205300776
-0.82  0.0210601163
-0.816  0.0216038392
-0.812  0.0221615999
-0.808  0.0227337606
-0.804  0.0233206931
-0.8  0.0239227789
-0.796  0.0245404091
-0.792  0.0251739851
-0.788  0.0258239186
-0.784  0.0264906318
-0.78  0.027174558
-0.776  0.0278761415
-0.772  0.0285958384
-0.768  0.0293341161
-0.764  0.0300914544
-0.76  0.0308683454
-0.756  0.0316652939
-0.752  0.0324828178
-0.748  0.0333214482
-0.744  0.0341817301
-0.74  0.0350642225
-0.736  0.0359694987
-0.732  0.0368981471
-0.728  0.037850771
-0.724  0.0388279894
-0.72  0.0398304374
-0.716  0.0408587662
-0.712  0.041913644
-0.708  0.0429957563
-0.704  0.0441058062
-0.7  0.045244515
-0.696  0.0464126227
-0.692  0.0476108881
-0.688  0.0488400899
-0.684  0.0501010269
-0.68  0.0513945183
-0.676  0.0527214046
-0.672  0.054082548
-0.668  0.055478833
-0.664  0.0569111668
-0.66  0.0583804801
-0.656  0.0598877276
-0.652  0.0614338887
-0.648  0.0630199681
-0.644  0.0646469964
-0.64  0.0663160307
-0.636  0.0680281556
-0.632  0.0697844836
-0.628  0.0715861558
-0.624  0.073434343
-0.62  0.0753302461
-0.616  0.077275097
-0.612  0.0792701594
-0.608  0.0813167296
-0.604  0.0834161375
-0.6  0.0855697471
-0.596  0.087778958
-0.592  0.0900452055
-0.588  0.0923699622
-0.584  0.0947547387
-0.58  0.0972010846
-0.576  0.0997105894
-0.572  0.102284884
-0.568  0.10492564
-0.564  0.107634575
-0.56  0.110413448
-0.556  0.113264065
-0.552  0.116188279
-0.548  0.119187988
-0.544  0.122265144
-0.54  0.125421744
-0.536  0.12865984
-0.532  0.131981537
-0.528  0.135388991
-0.524  0.138884419
-0.52  0.14247009
-0.516  0.146148334
-0.512  0.149921543
-0.508  0.153792166
-0.504  0.157762721
-0.5  0.161835785
-0.496  0.166014007
-0.492  0.170300101
-0.488  0.174696851
-0.484  0.179207115
-0.48  0.183833824
-0.476  0.188579984
-0.472  0.193448678
-0.468  0.198443071
-0.464  0.203566407
-0.46  0.208822016
-0.456  0.214213312
-0.452  0.219743799
-0.448  0.225417071
-0.444  0.231236812
-0.44  0.237206806
-0.436  0.243330932
-0.432  0.249613167
-0.428  0.256057596
-0.424  0.262668405
-0.42  0.269449889
-0.416  0.276406455
-0.412  0.283542624
-0.408  0.290863031
-0.404  0.298372435
-0.4  0.306075714
-0.396  0.313977873
-0.392  0.322084048
-0.388  0.330399505
-0.384  0.338929648
-0.38  0.347680019
-0.376  0.356656305
-0.372  0.365864337
-0.368  0.375310099
-0.364  0.384999728
-0.36  0.394939521
-0.356  0.405135936
-0.352  0.415595599
-0.348  0.426325306
-0.344  0.437332029
-0.34  0.44862292
-0.336  0.460205315
-0.332  0.47208674
-0.328  0.484274916
-0.324  0.496777763
-0.32  0.509603403
-0.316  0.522760172
-0.312  0.536256618
-0.308  0.55010151
-0.304  0.564303845
-0.3  0.578872851
-0.296  0.593817995
-0.292  0.609148988
-0.288  0.624875791
-0.284  0.641008623
-0.28  0.657557967
-0.276  0.674534577
-0.272  0.691949483
-0.268  0.709814001
-0.264  0.728139739
-0.26  0.746938605
-0.256  0.766222814
-0.252  0.786004896
-0.248  0.806297705
-0.244  0.827114427
-0.24  0.848468588
-0.236  0.870374064
-0.232  0.892845087
-0.228  0.915896261
-0.224  0.939542561
-0.22  0.963799354
-0.216  0.9886824
-0.212  1.01420787
-0.208  1.04039235
-0.204  1.06725284
-0.2  1.09480682
-0.2  1.09480682
-0.196  1.12265871
-0.192  1.15038559
-0.188  1.1779643
-0.184  1.2053718
-0.18  1.23258518
-0.176  1.25958171
-0.172  1.28633883
-0.168  1.31283418
-0.164  1.33904563
-0.16  1.36495127
-0.156  1.39052946
-0.152  1.41575883
-0.148  1.4406183
-0.144  1.46508709
-0.14  1.48914477
-0.136  1.51277123
-0.132  1.53594672
-0.128  1.55865189
-0.124  1.58086777
-0.12  1.60257579
-0.116  1.62375781
-0.112  1.64439614
-0.108  1.66447353
-0.104  1.6839732
-0.0999999999  1.70287887
-0.0959999999  1.72117474
-0.0919999999  1.73884551
-0.0879999999  1.75587643
-0.0839999999  1.77225326
-0.0799999999  1.78796233
-0.0759999999  1.8029905
-0.0719999999  1.81732522
-0.0679999999  1.83095451
-0.0639999999  1.84386699
-0.0599999999  1.85605186
-0.0559999999  1.86749894
-0.0519999999  1.87819868
-0.0479999999  1.88814212
-0.0439999999  1.89732097
-0.0399999999  1.90572754
-0.0359999999  1.91335483
-0.0319999999  1.92019645
-0.0279999999  1.92624669
-0.0239999999  1.93150049
-0.0199999999  1.93595346
-0.0159999999  1.93960189
-0.0119999999  1.94244272
-0.0079999999  1.94447359
-0.0039999999  1.94569278
1.00000147e-10  1.9460993
0.0040000001  1.94569278
0.0080000001  1.94447359
0.0120000001  1.94244272
0.0160000001  1.93960189
0.0200000001  1.93595346
0.0240000001  1.93150049
0.0280000001  1.92624669
0.0320000001  1.92019645
0.0360000001  1.91335483
0.0400000001  1.90572754
0.0440000001  1.89732097
0.0480000001  1.88814212
0.0520000001  1.87819868
0.0560000001  1.86749894
0.0600000001  1.85605186
0.0640000001  1.84386699
0.0680000001  1.83095451
0.0720000001  1.81732522
0.0760000001  1.8029905
0.0800000001  1.78796233
0.0840000001  1.77225326
0.0880000001  1.75587643
0.0920000001  1.73884551
0.0960000001  1.72117473
0.1  1.70287887
0.104  1.6839732
0.108  1.66447353
0.112  1.64439614
0.116  1.62375781
0.12  1.60257579
0.124  1.58086777
0.128  1.55865189
0.132  1.53594672
0.136  1.51277123
0.14  1.48914477
0.144  1.46508709
0.148  1.4406183
0.152  1.41575883
0.156  1.39052946
0.16  1.36495127
0.164  1.33904563
0.168  1.31283418
0.172  1.28633883
0.176  1.25958171
0.18  1.23258518
0.184  1.2053718
0.188  1.1779643
0.192  1.15038559
0.196  1.1226587
0.2  1.09480682
0.2  1.09480682
0.204  1.06725284
0.208  1.04039234
0.212  1.01420787
0.216  0.988682399
0.22  0.963799353
0.224  0.93954256
0.228  0.915896259
0.232  0.892845086
0.236  0.870374063
0.24  0.848468587
0.244  0.827114426
0.248  0.806297704
0.252  0.786004895
0.256  0.766222813
0.26  0.746938604
0.264  0.728139738
0.268  0.709814
0.272  0.691949482
0.276  0.674534576
0.28  0.657557966
0.284  0.641008622
0.288  0.62487579
0.292  0.609148987
0.296  0.593817994
0.3  0.57887285
0.304  0.564303844
0.308  0.550101509
0.312  0.536256617
0.316  0.522760171
0.32  0.509603403
0.324  0.496777762
0.328  0.484274916
0.332  0.47208674
0.336  0.460205314
0.34  0.448622919
0.344  0.437332028
0.348  0.426325306
0.352  0.415595599
0.356  0.405135936
0.36  0.394939521
0.364  0.384999728
0.368  0.375310098
0.372  0.365864336
0.376  0.356656304
0.38  0.347680019
0.384  0.338929648
0.388  0.330399505
0.392  0.322084047
0.396  0.313977873
0.4  0.306075713
0.404  0.298372434
0.408  0.290863031
0.412  0.283542623
0.416  0.276406455
0.42  0.269449888
0.424  0.262668404
0.428  0.256057596
0.432  0.249613167
0.436  0.243330931
0.44  0.237206806
0.444  0.231236812
0.448  0.22541707
0.452  0.219743799
0.456  0.214213312
0.46  0.208822016
0.464  0.203566407
0.468  0.198443071
0.472  0.193448678
0.476  0.188579984
0.48  0.183833824
0.484  0.179207115
0.488  0.174696851
0.492  0.1703001
0.496  0.166014007
0.5  0.161835785
0.504  0.15776272
0.508  0.153792166
0.512  0.149921542
0.516  0.146148334
0.52  0.142470089
0.524  0.138884418
0.528  0.135388991
0.532  0.131981536
0.536  0.12865984
0.54  0.125421744
0.544  0.122265144
0.548  0.119187988
0.552  0.116188279
0.556  0.113264065
0.56  0.110413448
0.564  0.107634575
0.568  0.10492564
0.572  0.102284884
0.576  0.0997105892
0.58  0.0972010844
0.584  0.0947547386
0.588  0.0923699621
0.592  0.0900452054
0.596  0.0877789579
0.6  0.085569747
0.604  0.0834161373
0.608  0.0813167295
0.612  0.0792701593
0.616  0.0772750969
0.62  0.075330246
0.624  0.0734343429
0.628  0.0715861557
0.632  0.0697844835
0.636  0.0680281555
0.64  0.0663160307
0.644  0.0646469963
0.648  0.0630199681
0.652  0.0614338887
0.656  0.0598877275
0.66  0.05838048
0.664  0.0569111667
0.668  0.0554788329
0.672  0.054082548
0.676  0.0527214045
0.68  0.0513945182
0.684  0.0501010268
0.688  0.0488400899
0.692  0.047610888
0.696  0.0464126226
0.7  0.045244515
0.704  0.0441058062
0.708  0.0429957562
0.712  0.0419136439
0.716  0.0408587661
0.72  0.0398304373
0.724  0.0388279894
0.728  0.037850771
0.732  0.0368981471
0.736  0.0359694987
0.74  0.0350642224
0.744  0.0341817301
0.748  0.0333214482
0.752  0.0324828177
0.756  0.0316652939
0.76  0.0308683453
0.764  0.0300914543
0.768  0.029334116
0.772  0.0285958383
0.776  0.0278761415
0.78  0.0271745579
0.784  0.0264906318
0.788  0.0258239185
0.792  0.0251739851
0.796  0.0245404091
0.8  0.0239227789
0.804  0.0233206931
0.808  0.0227337605
0.812  0.0221615998
0.816  0.0216038392
0.82  0.0210601162
0.824  0.0205300776
0.828  0.0200133789
0.832  0.0195096845
0.836  0.019018667
0.84  0.0185400073
0.844  0.0180733945
0.848  0.0176185254
0.852  0.0171751043
0.856  0.0167428433
0.86  0.0163214613
0.864  0.0159106846
0.868  0.0155102463
0.872  0.0151198862
0.876  0.0147393506
0.88  0.0143683923
0.884  0.0140067702
0.888  0.0136542494
0.892  0.0133106008
0.896  0.0129756011
0.9  0.0126490327
0.904  0.0123306833
0.908  0.012020346
0.912  0.0117178193
0.916  0.0114229066
0.92  0.0111354162
0.924  0.0108551613
0.928  0.0105819598
0.932  0.0103156342
0.936  0.0100560115
0.94  0.00980292298
0.944  0.00955620412
0.948  0.00931569466
0.952  0.00908123832
0.956  0.00885268274
0.96  0.00862987943
0.964  0.0084126836
0.968  0.00820095414
0.972  0.00799455346
0.976  0.00779334744
0.98  0.00759720536
0.984  0.00740599976
0.988  0.0072196064
0.992  0.00703790416
0.996  0.00686077499
1  0.00668810379
