-1  0.00527709972
-0.996  0.00542129248
-0.992  0.0055694252
-0.988  0.00572160553
-0.984  0.00587794407
-0.98  0.00603855445
-0.976  0.00620355338
-0.972  0.00637306079
-0.968  0.00654719985
-0.964  0.00672609714
-0.96  0.00690988265
-0.956  0.00709868997
-0.952  0.0072926563
-0.948  0.00749192262
-0.944  0.00769663374
-0.94  0.00790693844
-0.936  0.00812298955
-0.932  0.00834494409
-0.928  0.00857296338
-0.924  0.00880721312
-0.92  0.00904786356
-0.916  0.00929508958
-0.912  0.00954907088
-0.908  0.00980999201
-0.904  0.0100780426
-0.9  0.0103534175
-0.896  0.0106363168
-0.892  0.0109269461
-0.888  0.0112255167
-0.884  0.0115322454
-0.88  0.0118473553
-0.876  0.0121710753
-0.872  0.0125036408
-0.868  0.0128452933
-0.864  0.0131962812
-0.86  0.0135568596
-0.856  0.0139272905
-0.852  0.0143078432
-0.848  0.0146987942
-0.844  0.0151004277
-0.84  0.0155130354
-0.836  0.0159369174
-0.832  0.0163723816
-0.828  0.0168197445
-0.824  0.0172793313
-0.82  0.017751476
-0.816  0.0182365216
-0.812  0.0187348208
-0.808  0.0192467356
-0.804  0.0197726381
-0.8  0.0203129105
-0.796  0.0208679454
-0.792  0.0214381462
-0.788  0.0220239274
-0.784  0.0226257145
-0.78  0.023243945
-0.776  0.0238790683
-0.772  0.0245315457
-0.768  0.0252018517
-0.764  0.0258904732
-0.76  0.0265979108
-0.756  0.0273246786
-0.752  0.0280713048
-0.748  0.0288383319
-0.744  0.0296263176
-0.74  0.0304358343
-0.736  0.0312674704
-0.732  0.0321218304
-0.728  0.0329995351
-0.724  0.0339012225
-0.72  0.0348275477
-0.716  0.0357791841
-0.712  0.0367568233
-0.708  0.0377611757
-0.704  0.0387929712
-0.7  0.0398529598
-0.696  0.0409419118
-0.692  0.0420606186
-0.688  0.0432098932
-0.684  0.0443905708
-0.68  0.0456035096
-0.676  0.046849591
-0.672  0.0481297206
-0.668  0.0494448288
-0.664  0.0507958714
-0.66  0.0521838302
-0.656  0.0536097138
-0.652  0.0550745587
-0.648  0.0565794294
-0.644  0.0581254195
-0.64  0.0597136526
-0.636  0.061345283
-0.632  0.0630214965
-0.628  0.0647435112
-0.624  0.0665125787
-0.62  0.0683299846
-0.616  0.0701970497
-0.612  0.072115131
-0.608  0.0740856224
-0.604  0.076109956
-0.6  0.078189603
-0.596  0.0803260747
-0.592  0.082520924
-0.588  0.0847757458
-0.584  0.0870921789
-0.58  0.0894719069
-0.576  0.091916659
-0.572  0.0944282122
-0.568  0.0970083917
-0.564  0.0996590726
-0.56  0.102382181
-0.556  0.105179697
-0.552  0.108053653
-0.548  0.111006137
-0.544  0.114039296
-0.54  0.117155333
-0.536  0.120356514
-0.532  0.123645165
-0.528  0.127023676
-0.524  0.130494501
-0.52  0.134060165
-0.516  0.137723258
-0.512  0.141486441
-0.508  0.145352451
-0.504  0.149324097
-0.5  0.153404265
-0.496  0.157595921
-0.492  0.16190211
-0.488  0.166325963
-0.484  0.170870694
-0.48  0.175539606
-0.476  0.180336093
-0.472  0.185263641
-0.468  0.190325829
-0.464  0.195526339
-0.46  0.200868948
-0.456  0.20635754
-0.452  0.211996104
-0.448  0.217788737
-0.444  0.22373965
-0.44  0.229853166
-0.436  0.23613373
-0.432  0.242585906
-0.428  0.249214382
-0.424  0.256023977
-0.42  0.263019638
-0.416  0.270206451
-0.412  0.277589638
-0.408  0.285174565
-0.404  0.292966744
-0.4  0.300971839
-0.396  0.309195666
-0.392  0.317644204
-0.388  0.326323592
-0.384  0.335240137
-0.38  0.34440032
-0.376  0.353810799
-0.372  0.363478411
-0.368  0.373410184
-0.364  0.383613334
-0.36  0.394095279
-0.356  0.404863634
-0.352  0.415926227
-0.348  0.427291096
-0.344  0.438966502
-0.34  0.45096093
-0.336  0.463283096
-0.332  0.475941956
-0.328  0.48894671
-0.324  0.502306809
-0.32  0.516031963
-0.316  0.530132146
-0.312  0.544617606
-0.308  0.55949887
-0.304  0.574786754
-0.3  0.590492367
-0.296  0.606627124
-0.292  0.623202751
-0.288  0.640231295
-0.284  0.657725131
-0.28  0.675696973
-0.276  0.694159882
-0.272  0.713127275
-0.268  0.732612939
-0.264  0.752631033
-0.26  0.773196107
-0.256  0.794323106
-0.252  0.816027384
-0.248  0.838324715
-0.244  0.861231303
-0.24  0.884763797
-0.236  0.908939299
-0.232  0.933775378
-0.228  0.959290084
-0.225  0.978882597
-0.225  0.978882598
-0.221  1.00525978
-0.217  1.03160133
-0.213  1.05788726
-0.209  1.08409765
-0.205  1.1102126
-0.201  1.1362123
-0.197  1.16207704
-0.193  1.18778719
-0.189  1.21332325
-0.185  1.23866584
-0.181  1.26379575
-0.177  1.28869391
-0.173  1.31334142
-0.169  1.33771961
-0.165  1.36180996
-0.161  1.38559422
-0.157  1.40905433
-0.153  1.4321725
-0.149  1.45493119
-0.145  1.47731313
-0.141  1.49930136
-0.137  1.52087919
-0.133  1.54203025
-0.129  1.56273849
-0.125  1.58298821
-0.121  1.60276405
-0.117  1.622051
-0.113  1.64083444
-0.109  1.65910011
-0.105  1.67683416
-0.101  1.69402313
-0.0969999999  1.710654
-0.0929999999  1.72671413
-0.0889999999  1.74219135
-0.0849999999  1.75707392
-0.0809999999  1.77135055
-0.0769999999  1.78501041
-0.0729999999  1.79804313
-0.0689999999  1.81043883
-0.0649999999  1.8221881
-0.0609999999  1.83328205
-0.0569999999  1.84371223
-0.0529999999  1.85347076
-0.0489999999  1.86255022
-0.0449999999  1.87094372
-0.0409999999  1.8786449
-0.0369999999  1.88564792
-0.0329999999  1.89194746
-0.0289999999  1.89753875
-0.0249999999  1.90241754
-0.0209999999  1.90658013
-0.0169999999  1.91002337
-0.0129999999  1.91274464
-0.0089999999  1.91474188
-0.0049999999  1.91601358
-0.0009999999  1.91655876
0.0030000001  1.91637702
0.0070000001  1.9154685
0.0110000001  1.91383388
0.0150000001  1.91147439
0.0190000001  1.90839185
0.0230000001  1.90458857
0.0270000001  1.90006745
0.0310000001  1.89483191
0.0350000001  1.88888593
0.0390000001  1.88223402
0.0430000001  1.87488123
0.0470000001  1.86683312
0.0510000001  1.85809581
0.0550000001  1.84867593
0.0590000001  1.83858061
0.0630000001  1.82781753
0.0670000001  1.81639484
0.0710000001  1.8043212
0.0750000001  1.79160579
0.0790000001  1.77825823
0.0830000001  1.76428867
0.0870000001  1.74970768
0.0910000001  1.73452635
0.0950000001  1.71875617
0.0990000001  1.70240913
0.103  1.6854976
0.107  1.66803443
0.111  1.65003287
0.115  1.63150656
0.119  1.61246956
0.123  1.59293631
0.127  1.57292163
0.131  1.55244071
0.135  1.53150907
0.139  1.51014261
0.143  1.48835751
0.147  1.46617032
0.151  1.44359786
0.155  1.42065726
0.159  1.39736591
0.163  1.37374149
0.167  1.34980191
0.171  1.32556534
0.175  1.30105017
0.179  1.27627498
0.183  1.25125858
0.187  1.22601993
0.191  1.20057819
0.195  1.17495266
0.199  1.14916277
0.203  1.12322809
0.207  1.09716829
0.211  1.07100314
0.215  1.04475249
0.219  1.01843625
0.223  0.99207439
0.225  0.978882598
0.225  0.978882597
0.229  0.952846779
0.233  0.927503449
0.237  0.902834188
0.241  0.878821067
0.245  0.855446634
0.249  0.832693903
0.253  0.810546338
0.257  0.788987842
0.261  0.768002748
0.265  0.747575804
0.269  0.727692166
0.273  0.708337383
0.277  0.689497388
0.281  0.67115849
0.285  0.653307361
0.289  0.635931026
0.293  0.619016859
0.297  0.602552566
0.301  0.586526182
0.305  0.570926059
0.309  0.55574086
0.313  0.54095955
0.317  0.526571385
0.321  0.512565909
0.325  0.498932944
0.329  0.485662581
0.333  0.472745177
0.337  0.460171343
0.341  0.447931941
0.345  0.436018077
0.349  0.424421092
0.353  0.413132557
0.357  0.402144269
0.361  0.391448242
0.365  0.381036702
0.369  0.370902084
0.373  0.36103702
0.377  0.351434342
0.381  0.342087072
0.385  0.332988415
0.389  0.32413176
0.393  0.31551067
0.397  0.307118879
0.401  0.298950288
0.405  0.290998962
0.409  0.28325912
0.413  0.27572514
0.417  0.268391544
0.421  0.261253003
0.425  0.254304329
0.429  0.247540473
0.433  0.240956519
0.437  0.234547681
0.441  0.228309302
0.445  0.222236848
0.449  0.216325906
0.453  0.210572181
0.457  0.20497149
0.461  0.199519763
0.465  0.194213039
0.469  0.18904746
0.473  0.184019272
0.477  0.179124822
0.481  0.174360552
0.485  0.169722999
0.489  0.165208794
0.493  0.160814655
0.497  0.156537389
0.501  0.152373888
0.505  0.148321126
0.509  0.144376156
0.513  0.140536113
0.517  0.136798206
0.521  0.133159717
0.525  0.129618003
0.529  0.12617049
0.533  0.122814672
0.537  0.11954811
0.541  0.116368431
0.545  0.113273323
0.549  0.110260537
0.553  0.107327884
0.557  0.104473232
0.561  0.101694507
0.565  0.0989896883
0.569  0.0963568113
0.573  0.0937939622
0.577  0.0912992785
0.581  0.0888709471
0.585  0.0865072032
0.589  0.084206329
0.593  0.0819666522
0.597  0.0797865452
0.601  0.0776644236
0.605  0.075598745
0.609  0.0735880084
0.613  0.0716307522
0.617  0.0697255542
0.621  0.0678710297
0.625  0.0660658308
0.629  0.0643086457
0.633  0.0625981973
0.637  0.0609332425
0.641  0.0593125714
0.645  0.057735006
0.649  0.0561993999
0.653  0.0547046371
0.657  0.0532496312
0.661  0.0518333248
0.665  0.0504546886
0.669  0.0491127207
0.673  0.0478064457
0.677  0.0465349143
0.681  0.0452972025
0.685  0.0440924108
0.689  0.0429196634
0.693  0.0417781082
0.697  0.0406669155
0.701  0.0395852777
0.705  0.0385324088
0.709  0.0375075436
0.713  0.0365099371
0.717  0.0355388646
0.721  0.03459362
0.725  0.0336735167
0.729  0.0327778857
0.733  0.0319060763
0.737  0.0310574549
0.741  0.0302314046
0.745  0.0294273252
0.749  0.0286446323
0.753  0.027882757
0.757  0.0271411458
0.761  0.0264192595
0.765  0.0257165736
0.769  0.0250325773
0.773  0.0243667737
0.777  0.0237186787
0.781  0.0230878215
0.785  0.0224737434
0.789  0.0218759983
0.793  0.0212941517
0.797  0.0207277808
0.801  0.0201764739
0.805  0.0196398304
0.809  0.0191174602
0.813  0.0186089838
0.817  0.0181140316
0.821  0.0176322439
0.825  0.0171632705
0.829  0.0167067706
0.833  0.0162624125
0.837  0.0158298732
0.841  0.0154088384
0.845  0.014999002
0.849  0.0146000662
0.853  0.0142117411
0.857  0.0138337445
0.861  0.0134658017
0.865  0.0131076452
0.869  0.0127590148
0.873  0.012419657
0.877  0.0120893254
0.881  0.0117677797
0.885  0.0114547863
0.889  0.0111501178
0.893  0.0108535526
0.897  0.0105648754
0.901  0.0102838763
0.905  0.010010351
0.909  0.00974410082
0.913  0.00948493222
0.917  0.00923265686
0.921  0.00898709138
0.925  0.00874805734
0.929  0.00851538099
0.933  0.00828889325
0.937  0.00806842952
0.941  0.00785382957
0.945  0.00764493743
0.949  0.00744160131
0.953  0.00724367341
0.957  0.0070510099
0.961  0.00686347075
0.965  0.00668091967
0.969  0.006503224
0.973  0.00633025458
0.977  0.00616188571
0.981  0.00599799503
0.985  0.00583846344
0.989  0.00568317498
0.993  0.0055320168
0.997  0.00538487906
1  0.00527709972
