-1  0.00589696068
-0.996  0.00605383331
-0.992  0.00621487911
-0.988  0.0063802091
-0.984  0.00654993724
-0.98  0.00672418054
-0.976  0.00690305911
-0.972  0.00708669626
-0.968  0.00727521857
-0.964  0.00746875601
-0.96  0.00766744199
-0.956  0.00787141347
-0.952  0.00808081106
-0.948  0.0082957791
-0.944  0.00851646578
-0.94  0.00874302324
-0.936  0.00897560764
-0.932  0.00921437931
-0.928  0.00945950286
-0.924  0.00971114726
-0.92  0.00996948597
-0.916  0.0102346971
-0.912  0.0105069634
-0.908  0.0107864726
-0.904  0.0110734175
-0.9  0.0113679957
-0.896  0.0116704103
-0.892  0.0119808699
-0.888  0.0122995885
-0.884  0.0126267856
-0.88  0.012962687
-0.876  0.0133075241
-0.872  0.0136615346
-0.868  0.0140249627
-0.864  0.0143980587
-0.86  0.01478108
-0.856  0.0151742905
-0.852  0.0155779613
-0.848  0.0159923707
-0.844  0.0164178043
-0.84  0.0168545554
-0.836  0.0173029251
-0.832  0.0177632224
-0.828  0.0182357648
-0.824  0.0187208778
-0.82  0.0192188959
-0.816  0.0197301625
-0.812  0.0202550299
-0.808  0.02079386
-0.804  0.0213470242
-0.8  0.0219149038
-0.796  0.0224978903
-0.792  0.0230963856
-0.788  0.0237108023
-0.784  0.0243415638
-0.78  0.024989105
-0.776  0.0256538723
-0.772  0.0263363239
-0.768  0.0270369303
-0.764  0.0277561745
-0.76  0.0284945522
-0.756  0.0292525724
-0.752  0.0300307576
-0.748  0.0308296444
-0.744  0.0316497834
-0.74  0.03249174
-0.736  0.0333560945
-0.732  0.0342434429
-0.728  0.0351543967
-0.724  0.036089584
-0.72  0.0370496494
-0.716  0.0380352548
-0.712  0.0390470795
-0.708  0.040085821
-0.704  0.0411521955
-0.7  0.0422469379
-0.696  0.043370803
-0.692  0.0445245655
-0.688  0.0457090207
-0.684  0.0469249851
-0.68  0.048173297
-0.676  0.0494548168
-0.672  0.0507704279
-0.668  0.0521210373
-0.664  0.053507576
-0.66  0.0549309998
-0.656  0.05639229
-0.652  0.0578924538
-0.648  0.0594325253
-0.644  0.0610135663
-0.64  0.0626366666
-0.636  0.0643029451
-0.632  0.0660135504
-0.628  0.0677696617
-0.624  0.0695724896
-0.62  0.0714232768
-0.616  0.0733232992
-0.612  0.0752738665
-0.608  0.0772763234
-0.604  0.0793320502
-0.6  0.0814424641
-0.596  0.0836090197
-0.592  0.0858332107
-0.588  0.0881165703
-0.584  0.0904606725
-0.58  0.0928671331
-0.576  0.0953376111
-0.572  0.0978738094
-0.568  0.100477476
-0.564  0.103150407
-0.56  0.105894443
-0.556  0.108711478
-0.552  0.111603451
-0.548  0.114572358
-0.544  0.117620245
-0.54  0.120749212
-0.536  0.123961417
-0.532  0.127259074
-0.528  0.130644456
-0.524  0.134119898
-0.52  0.137687793
-0.516  0.141350603
-0.512  0.145110852
-0.508  0.148971133
-0.504  0.152934105
-0.5  0.157002502
-0.496  0.161179127
-0.492  0.16546686
-0.488  0.169868657
-0.484  0.174387552
-0.48  0.179026659
-0.476  0.183789177
-0.472  0.188678389
-0.468  0.193697666
-0.464  0.198850466
-0.46  0.204140343
-0.456  0.209570943
-0.452  0.215146009
-0.448  0.220869384
-0.444  0.226745015
-0.44  0.23277695
-0.436  0.238969349
-0.432  0.24532648
-0.428  0.251852725
-0.424  0.258552583
-0.42  0.265430673
-0.416  0.272491735
-0.412  0.279740638
-0.408  0.287182379
-0.404  0.294822086
-0.4  0.302665027
-0.396  0.310716609
-0.392  0.318982381
-0.388  0.327468041
-0.384  0.336179439
-0.38  0.345122581
-0.376  0.35430363
-0.372  0.363728916
-0.368  0.373404937
-0.364  0.383338361
-0.36  0.393536038
-0.356  0.404004996
-0.352  0.414752452
-0.348  0.425785815
-0.344  0.437112691
-0.34  0.448740888
-0.336  0.460678421
-0.332  0.472933519
-0.328  0.485514632
-0.324  0.498430431
-0.32  0.511689819
-0.316  0.525301938
-0.312  0.53927617
-0.308  0.553622149
-0.304  0.568349763
-0.3  0.583469165
-0.296  0.598990779
-0.292  0.614925302
-0.288  0.631283721
-0.284  0.64807731
-0.28  0.665317648
-0.276  0.683016618
-0.272  0.701186421
-0.268  0.719839582
-0.264  0.73898896
-0.26  0.758647755
-0.256  0.778829519
-0.252  0.799548165
-0.248  0.820817973
-0.244  0.842653607
-0.24  0.865070119
-0.236  0.888082961
-0.232  0.911707997
-0.228  0.935961514
-0.224  0.960860229
-0.22  0.986421307
-0.216  1.01266237
-0.2125  1.0361953
-0.2125  1.0361953
-0.2085  1.06336894
-0.2045  1.09046565
-0.2005  1.11746386
-0.1965  1.14434209
-0.1925  1.17107895
-0.1885  1.19765314
-0.1845  1.22404352
-0.1805  1.25022909
-0.1765  1.27618899
-0.1725  1.30190256
-0.1685  1.32734934
-0.1645  1.35250907
-0.1605  1.37736172
-0.1565  1.40188752
-0.1525  1.42606693
-0.1485  1.44988072
-0.1445  1.47330993
-0.1405  1.4963359
-0.1365  1.51894032
-0.1325  1.54110518
-0.1285  1.56281285
-0.1245  1.58404604
-0.1205  1.60478786
-0.1165  1.62502179
-0.1125  1.64473173
-0.1085  1.66390198
-0.1045  1.6825173
-0.1005  1.70056286
-0.0964999999  1.7180243
-0.0924999999  1.73488772
-0.0884999999  1.7511397
-0.0844999999  1.76676729
-0.0804999999  1.78175807
-0.0764999999  1.79610009
-0.0724999999  1.80978195
-0.0684999999  1.82279275
-0.0644999999  1.83512213
-0.0604999999  1.84676029
-0.0564999999  1.85769795
-0.0524999999  1.86792641
-0.0484999999  1.87743754
-0.0444999999  1.88622375
-0.0404999999  1.89427806
-0.0364999999  1.90159405
-0.0324999999  1.9081659
-0.0284999999  1.91398839
-0.0244999999  1.91905687
-0.0204999999  1.9233673
-0.0164999999  1.92691627
-0.0124999999  1.92970094
-0.0084999999  1.93171911
-0.0044999999  1.93296915
-0.0004999999  1.93345008
0.0035000001  1.93316151
0.0075000001  1.93210368
0.0115000001  1.93027742
0.0155000001  1.92768419
0.0195000001  1.92432605
0.0235000001  1.92020569
0.0275000001  1.91532636
0.0315000001  1.90969197
0.0355000001  1.90330699
0.0395000001  1.89617651
0.0435000001  1.8883062
0.0475000001  1.87970233
0.0515000001  1.87037175
0.0555000001  1.86032188
0.0595000001  1.84956072
0.0635000001  1.83809684
0.0675000001  1.82593937
0.0715000001  1.81309797
0.0755000001  1.79958288
0.0795000001  1.78540485
0.0835000001  1.77057516
0.0875000001  1.75510562
0.0915000001  1.73900855
0.0955000001  1.72229675
0.0995000001  1.70498353
0.1035  1.68708268
0.1075  1.66860842
0.1115  1.64957549
0.1155  1.62999902
0.1195  1.60989459
0.1235  1.58927821
0.1275  1.56816629
0.1315  1.54657564
0.1355  1.52452344
0.1395  1.50202724
0.1435  1.47910495
0.1475  1.45577481
0.1515  1.4320554
0.1555  1.4079656
0.1595  1.38352458
0.1635  1.3587518
0.1675  1.33366697
0.1715  1.30829006
0.1755  1.28264127
0.1795  1.25674103
0.1835  1.23060993
0.1875  1.20426879
0.1915  1.17773857
0.1955  1.15104039
0.1995  1.12419551
0.2035  1.09722527
0.2075  1.07015117
0.2115  1.04299474
0.2125  1.0361953
0.2125  1.0361953
0.2165  1.00934443
0.2205  0.98318935
0.2245  0.957712022
0.2285  0.932894886
0.2325  0.908720835
0.2365  0.885173204
0.2405  0.862235763
0.2445  0.839892697
0.2485  0.818128607
0.2525  0.796928488
0.2565  0.776277726
0.2605  0.756162086
0.2645  0.736567702
0.2685  0.717481066
0.2725  0.698889021
0.2765  0.68077875
0.2805  0.66313777
0.2845  0.64595392
0.2885  0.629215353
0.2925  0.612910532
0.2965  0.597028217
0.3005  0.58155746
0.3045  0.566487595
0.3085  0.551808235
0.3125  0.53750926
0.3165  0.523580814
0.3205  0.510013295
0.3245  0.49679735
0.3285  0.483923869
0.3325  0.471383978
0.3365  0.459169032
0.3405  0.447270612
0.3445  0.435680515
0.3485  0.424390751
0.3525  0.413393538
0.3565  0.402681295
0.3605  0.392246638
0.3645  0.382082374
0.3685  0.372181495
0.3725  0.362537178
0.3765  0.353142773
0.3805  0.343991805
0.3845  0.335077965
0.3885  0.326395109
0.3925  0.317937252
0.3965  0.309698562
0.4005  0.301673362
0.4045  0.293856117
0.4085  0.286241441
0.4125  0.278824083
0.4165  0.271598931
0.4205  0.264561003
0.4245  0.257705449
0.4285  0.251027543
0.4325  0.244522681
0.4365  0.238186379
0.4405  0.232014269
0.4445  0.226002097
0.4485  0.220145718
0.4525  0.214441094
0.4565  0.208884295
0.4605  0.203471488
0.4645  0.198198943
0.4685  0.193063026
0.4725  0.188060195
0.4765  0.183187002
0.4805  0.178440088
0.4845  0.17381618
0.4885  0.169312091
0.4925  0.164924717
0.4965  0.160651032
0.5005  0.156488092
0.5045  0.152433025
0.5085  0.148483037
0.5125  0.144635404
0.5165  0.140887476
0.5205  0.137236667
0.5245  0.133680461
0.5285  0.130216407
0.5325  0.126842117
0.5365  0.123555264
0.5405  0.120353584
0.5445  0.117234868
0.5485  0.114196968
0.5525  0.111237789
0.5565  0.10835529
0.5605  0.105547486
0.5645  0.10281244
0.5685  0.100148267
0.5725  0.0975531311
0.5765  0.0950252425
0.5805  0.0925628589
0.5845  0.0901642829
0.5885  0.0878278611
0.5925  0.0855519828
0.5965  0.0833350793
0.6005  0.0811756222
0.6045  0.079072123
0.6085  0.0770231317
0.6125  0.0750272357
0.6165  0.0730830593
0.6205  0.0711892623
0.6245  0.0693445391
0.6285  0.067547618
0.6325  0.0657972605
0.6365  0.0640922599
0.6405  0.0624314409
0.6445  0.0608136586
0.6485  0.0592377978
0.6525  0.0577027722
0.6565  0.0562075236
0.6605  0.0547510213
0.6645  0.0533322613
0.6685  0.0519502655
0.6725  0.0506040813
0.6765  0.0492927807
0.6805  0.0480154597
0.6845  0.0467712379
0.6885  0.0455592575
0.6925  0.0443786831
0.6965  0.0432287009
0.7005  0.0421085181
0.7045  0.0410173625
0.7085  0.039954482
0.7125  0.0389191438
0.7165  0.0379106343
0.7205  0.0369282582
0.7245  0.0359713384
0.7285  0.0350392152
0.7325  0.0341312461
0.7365  0.0332468051
0.7405  0.0323852825
0.7445  0.0315460846
0.7485  0.0307286327
0.7525  0.0299323635
0.7565  0.0291567279
0.7605  0.0284011913
0.7645  0.0276652329
0.7685  0.0269483453
0.7725  0.0262500344
0.7765  0.0255698188
0.7805  0.0249072295
0.7845  0.0242618099
0.7885  0.0236331151
0.7925  0.0230207115
0.7965  0.0224241772
0.8005  0.0218431008
0.8045  0.0212770818
0.8085  0.02072573
0.8125  0.0201886654
0.8165  0.0196655176
0.8205  0.0191559262
0.8245  0.0186595398
0.8285  0.0181760162
0.8325  0.0177050222
0.8365  0.017246233
0.8405  0.0167993324
0.8445  0.0163640122
0.8485  0.0159399725
0.8525  0.0155269209
0.8565  0.0151245727
0.8605  0.0147326506
0.8645  0.0143508843
0.8685  0.0139790106
0.8725  0.0136167733
0.8765  0.0132639227
0.8805  0.0129202154
0.8845  0.0125854146
0.8885  0.0122592895
0.8925  0.0119416153
0.8965  0.0116321729
0.9005  0.0113307491
0.9045  0.011037136
0.9085  0.0107511313
0.9125  0.0104725379
0.9165  0.0102011636
0.9205  0.00993682148
0.9245  0.0096793292
0.9285  0.0094285093
0.9325  0.00918418889
0.9365  0.00894619954
0.9405  0.00871437719
0.9445  0.00848856204
0.9485  0.00826859842
0.9525  0.00805433471
0.9565  0.00784562321
0.9605  0.00764232003
0.9645  0.00744428503
0.9685  0.00725138171
0.9725  0.00706347707
0.9765  0.0068804416
0.9805  0.00670214912
0.9845  0.00652847672
0.9885  0.00635930468
0.9925  0.00619451639
0.9965  0.00603399825
1  0.00589696068
