-1  0.00478749071
-0.996  0.00492148958
-0.992  0.00505923899
-0.988  0.00520084393
-0.984  0.00534641229
-0.98  0.00549605503
-0.976  0.00564988617
-0.972  0.00580802295
-0.968  0.00597058588
-0.964  0.00613769885
-0.96  0.0063094892
-0.956  0.00648608785
-0.952  0.0066676294
-0.948  0.00685425217
-0.944  0.0070460984
-0.94  0.00724331429
-0.936  0.00744605013
-0.932  0.00765446041
-0.928  0.00786870397
-0.924  0.00808894408
-0.92  0.00831534856
-0.916  0.00854808997
-0.912  0.00878734566
-0.908  0.00903329797
-0.904  0.00928613433
-0.9  0.00954604742
-0.896  0.00981323531
-0.892  0.0100879016
-0.888  0.0103702557
-0.884  0.0106605127
-0.88  0.0109588937
-0.876  0.0112656263
-0.872  0.0115809442
-0.868  0.0119050875
-0.864  0.0122383035
-0.86  0.012580846
-0.856  0.012932976
-0.852  0.0132949619
-0.848  0.0136670795
-0.844  0.0140496125
-0.84  0.0144428524
-0.836  0.0148470988
-0.832  0.0152626598
-0.828  0.0156898521
-0.824  0.0161290013
-0.82  0.0165804419
-0.816  0.0170445181
-0.812  0.0175215835
-0.808  0.0180120017
-0.804  0.0185161464
-0.8  0.0190344017
-0.796  0.0195671627
-0.792  0.0201148354
-0.788  0.020677837
-0.784  0.0212565967
-0.78  0.0218515556
-0.776  0.022463167
-0.772  0.023091897
-0.768  0.0237382247
-0.764  0.0244026428
-0.76  0.0250856575
-0.756  0.0257877894
-0.752  0.0265095734
-0.748  0.0272515598
-0.744  0.0280143139
-0.74  0.0287984171
-0.736  0.0296044667
-0.732  0.0304330773
-0.728  0.03128488
-0.724  0.0321605243
-0.72  0.0330606772
-0.716  0.0339860249
-0.712  0.0349372725
-0.708  0.0359151449
-0.704  0.0369203873
-0.7  0.0379537659
-0.696  0.0390160681
-0.692  0.0401081034
-0.688  0.0412307041
-0.684  0.0423847257
-0.68  0.0435710477
-0.676  0.0447905741
-0.672  0.0460442342
-0.668  0.0473329835
-0.664  0.0486578042
-0.66  0.0500197057
-0.656  0.0514197259
-0.652  0.0528589319
-0.648  0.0543384203
-0.644  0.0558593187
-0.64  0.0574227861
-0.636  0.059030014
-0.632  0.0606822272
-0.628  0.0623806848
-0.624  0.0641266811
-0.62  0.0659215468
-0.616  0.0677666497
-0.612  0.0696633958
-0.608  0.0716132307
-0.604  0.0736176402
-0.6  0.0756781519
-0.596  0.077796336
-0.592  0.0799738068
-0.588  0.0822122237
-0.584  0.0845132924
-0.58  0.0868787666
-0.576  0.0893104489
-0.572  0.0918101925
-0.568  0.0943799024
-0.564  0.0970215368
-0.56  0.0997371089
-0.556  0.102528688
-0.552  0.105398402
-0.548  0.108348437
-0.544  0.111381042
-0.54  0.114498528
-0.536  0.11770327
-0.532  0.120997711
-0.528  0.124384362
-0.524  0.127865802
-0.52  0.131444686
-0.516  0.13512374
-0.512  0.138905769
-0.508  0.142793655
-0.504  0.14679036
-0.5  0.15089893
-0.496  0.155122497
-0.492  0.159464279
-0.488  0.163927584
-0.484  0.168515815
-0.48  0.173232467
-0.476  0.178081135
-0.472  0.183065515
-0.468  0.188189404
-0.464  0.193456708
-0.46  0.19887144
-0.456  0.204437727
-0.452  0.210159812
-0.448  0.216042053
-0.444  0.222088935
-0.44  0.228305066
-0.436  0.234695182
-0.432  0.241264153
-0.428  0.248016986
-0.424  0.254958826
-0.42  0.262094964
-0.416  0.269430838
-0.412  0.276972039
-0.408  0.284724313
-0.404  0.292693568
-0.4  0.300885878
-0.396  0.309307486
-0.392  0.317964809
-0.388  0.326864445
-0.384  0.336013176
-0.38  0.345417975
-0.376  0.355086008
-0.372  0.365024643
-0.368  0.375241455
-0.364  0.385744228
-0.36  0.396540968
-0.356  0.407639902
-0.352  0.419049487
-0.348  0.430778421
-0.344  0.442835639
-0.34  0.455230332
-0.336  0.467971944
-0.332  0.481070186
-0.328  0.494535039
-0.324  0.508376766
-0.32  0.522605914
-0.316  0.537233326
-0.312  0.552270151
-0.308  0.567727847
-0.304  0.583618194
-0.3  0.599953303
-0.296  0.61674562
-0.292  0.634007945
-0.288  0.65175343
-0.284  0.669995601
-0.28  0.688748359
-0.276  0.708025995
-0.272  0.7278432
-0.268  0.748215075
-0.264  0.769157147
-0.26  0.790685375
-0.256  0.812816164
-0.252  0.83556638
-0.248  0.85895336
-0.244  0.882994928
-0.24  0.907709403
-0.2375  0.923506008
-0.2375  0.923506009
-0.2335  0.9490051
-0.2295  0.974503623
-0.2255  0.999983134
-0.2215  1.02542521
-0.2175  1.05081144
-0.2135  1.07612347
-0.2095  1.10134299
-0.2055  1.12645176
-0.2015  1.15143161
-0.1975  1.17626449
-0.1935  1.20093244
-0.1895  1.2254176
-0.1855  1.24970227
-0.1815  1.27376889
-0.1775  1.29760004
-0.1735  1.3211785
-0.1695  1.34448721
-0.1655  1.36750931
-0.1615  1.39022815
-0.1575  1.41262729
-0.1535  1.43469055
-0.1495  1.45640195
-0.1455  1.4777458
-0.1415  1.49870665
-0.1375  1.51926936
-0.1335  1.53941904
-0.1295  1.55914112
-0.1255  1.57842134
-0.1215  1.59724575
-0.1175  1.61560074
-0.1135  1.63347303
-0.1095  1.6508497
-0.1055  1.66771817
-0.1015  1.68406625
-0.0974999999  1.69988211
-0.0934999999  1.71515432
-0.0894999999  1.72987183
-0.0854999999  1.74402398
-0.0814999999  1.75760056
-0.0774999999  1.77059173
-0.0734999999  1.78298811
-0.0694999999  1.79478072
-0.0654999999  1.80596103
-0.0614999999  1.81652097
-0.0574999999  1.82645288
-0.0534999999  1.8357496
-0.0494999999  1.84440439
-0.0454999999  1.852411
-0.0414999999  1.85976363
-0.0374999999  1.86645696
-0.0334999999  1.87248616
-0.0294999999  1.87784687
-0.0254999999  1.8825352
-0.0214999999  1.88654776
-0.0174999999  1.88988166
-0.0134999999  1.89253449
-0.0094999999  1.89450431
-0.0054999999  1.89578972
-0.0014999999  1.89638977
0.0025000001  1.89630404
0.0065000001  1.89553259
0.0105000001  1.89407597
0.0145000001  1.89193524
0.0185000001  1.88911195
0.0225000001  1.88560814
0.0265000001  1.88142634
0.0305000001  1.87656958
0.0345000001  1.87104137
0.0385000001  1.86484571
0.0425000001  1.85798708
0.0465000001  1.85047044
0.0505000001  1.84230122
0.0545000001  1.83348535
0.0585000001  1.82402918
0.0625000001  1.81393957
0.0665000001  1.8032238
0.0705000001  1.79188964
0.0745000001  1.77994527
0.0785000001  1.76739934
0.0825000001  1.75426092
0.0865000001  1.74053951
0.0905000001  1.72624504
0.0945000001  1.71138785
0.0985000001  1.69597867
0.1025  1.68002867
0.1065  1.66354937
0.1105  1.64655269
0.1145  1.62905092
0.1185  1.61105673
0.1225  1.59258313
0.1265  1.57364347
0.1305  1.55425147
0.1345  1.53442114
0.1385  1.51416682
0.1425  1.49350318
0.1465  1.47244514
0.1505  1.45100795
0.1545  1.4292071
0.1585  1.40705837
0.1625  1.38457777
0.1665  1.36178157
0.1705  1.33868625
0.1745  1.31530851
0.1785  1.29166527
0.1825  1.26777363
0.1865  1.24365086
0.1905  1.21931441
0.1945  1.19478189
0.1985  1.17007104
0.2025  1.14519972
0.2065  1.12018594
0.2105  1.09504778
0.2145  1.06980342
0.2185  1.04447112
0.2225  1.0190692
0.2265  0.993616046
0.2305  0.968130053
0.2345  0.942629659
0.2375  0.923506009
0.2375  0.923506008
0.2415  0.898361433
0.2455  0.873901477
0.2495  0.8501075
0.2535  0.826961369
0.2575  0.804445444
0.2615  0.782542567
0.2655  0.761236046
0.2695  0.740509644
0.2735  0.720347567
0.2775  0.700734448
0.2815  0.681655341
0.2855  0.663095707
0.2895  0.645041402
0.2935  0.627478666
0.2975  0.610394117
0.3015  0.593774733
0.3055  0.577607851
0.3095  0.561881149
0.3135  0.546582643
0.3175  0.531700673
0.3215  0.5172239
0.3255  0.50314129
0.3295  0.489442111
0.3335  0.476115924
0.3375  0.463152573
0.3415  0.45054218
0.3455  0.438275133
0.3495  0.426342085
0.3535  0.414733941
0.3575  0.403441856
0.3615  0.392457224
0.3655  0.381771673
0.3695  0.371377062
0.3735  0.361265467
0.3775  0.351429184
0.3815  0.341860716
0.3855  0.332552772
0.3895  0.323498258
0.3935  0.314690274
0.3975  0.306122108
0.4015  0.29778723
0.4055  0.289679288
0.4095  0.281792103
0.4135  0.274119665
0.4175  0.266656127
0.4215  0.259395801
0.4255  0.252333153
0.4295  0.245462803
0.4335  0.238779514
0.4375  0.232278193
0.4415  0.225953885
0.4455  0.219801771
0.4495  0.213817162
0.4535  0.207995498
0.4575  0.202332342
0.4615  0.196823379
0.4655  0.19146441
0.4695  0.186251351
0.4735  0.18118023
0.4775  0.176247182
0.4815  0.171448447
0.4855  0.166780369
0.4895  0.162239389
0.4935  0.157822049
0.4975  0.153524981
0.5015  0.14934491
0.5055  0.145278652
0.5095  0.141323106
0.5135  0.13747526
0.5175  0.13373218
0.5215  0.130091014
0.5255  0.126548987
0.5295  0.123103399
0.5335  0.119751626
0.5375  0.116491113
0.5415  0.113319375
0.5455  0.110233994
0.5495  0.10723262
0.5535  0.104312965
0.5575  0.101472805
0.5615  0.0987099746
0.5655  0.0960223685
0.5695  0.0934079388
0.5735  0.0908646928
0.5775  0.0883906926
0.5815  0.0859840528
0.5855  0.0836429392
0.5895  0.0813655679
0.5935  0.0791502032
0.5975  0.0769951569
0.6015  0.0748987867
0.6055  0.072859495
0.6095  0.0708757277
0.6135  0.0689459731
0.6175  0.0670687604
0.6215  0.0652426592
0.6255  0.0634662778
0.6295  0.0617382624
0.6335  0.0600572963
0.6375  0.0584220983
0.6415  0.0568314223
0.6455  0.0552840562
0.6495  0.0537788206
0.6535  0.0523145686
0.6575  0.0508901841
0.6615  0.0495045819
0.6655  0.0481567058
0.6695  0.0468455287
0.6735  0.0455700515
0.6775  0.0443293021
0.6815  0.0431223349
0.6855  0.0419482301
0.6895  0.0408060931
0.6935  0.0396950534
0.6975  0.0386142643
0.7015  0.0375629022
0.7055  0.0365401658
0.7095  0.0355452757
0.7135  0.0345774739
0.7175  0.0336360226
0.7215  0.0327202046
0.7255  0.0318293218
0.7295  0.0309626953
0.7335  0.0301196647
0.7375  0.0292995876
0.7415  0.0285018389
0.7455  0.0277258108
0.7495  0.0269709119
0.7535  0.0262365668
0.7575  0.0255222159
0.7615  0.0248273149
0.7655  0.0241513342
0.7695  0.0234937586
0.7735  0.022854087
0.7775  0.0222318319
0.7815  0.0216265192
0.7855  0.0210376874
0.7895  0.020464888
0.7935  0.0199076844
0.7975  0.0193656519
0.8015  0.0188383775
0.8055  0.0183254594
0.8095  0.0178265066
0.8135  0.017341139
0.8175  0.0168689866
0.8215  0.0164096896
0.8255  0.0159628981
0.8295  0.0155282715
0.8335  0.0151054786
0.8375  0.0146941972
0.8415  0.0142941139
0.8455  0.0139049238
0.8495  0.0135263303
0.8535  0.0131580448
0.8575  0.0127997868
0.8615  0.0124512832
0.8655  0.0121122683
0.8695  0.011782484
0.8735  0.0114616788
0.8775  0.0111496082
0.8815  0.0108460345
0.8855  0.0105507263
0.8895  0.0102634585
0.8935  0.00998401221
0.8975  0.00971217452
0.9015  0.00944773824
0.9055  0.00919050184
0.9095  0.00894026929
0.9135  0.0086968499
0.9175  0.00846005817
0.9215  0.00822971363
0.9255  0.00800564075
0.9295  0.00778766878
0.9335  0.00757563159
0.9375  0.0073693676
0.9415  0.00716871962
0.9455  0.00697353474
0.9495  0.00678366422
0.9535  0.00659896337
0.9575  0.00641929141
0.9615  0.00624451145
0.9655  0.00607449026
0.9695  0.0059090983
0.9735  0.00574820951
0.9775  0.00559170129
0.9815  0.00543945436
0.9855  0.00529135271
0.9895  0.00514728346
0.9935  0.00500713684
0.9975  0.00487080602
1  0.00478749071
