-1  0.00408819994
-0.996  0.00420745211
-0.992  0.00433018285
-0.988  0.00445649362
-0.984  0.00458648886
-0.98  0.00472027605
-0.976  0.00485796578
-0.972  0.00499967191
-0.968  0.00514551158
-0.964  0.00529560537
-0.96  0.00545007738
-0.956  0.0056090553
-0.952  0.0057726706
-0.948  0.00594105852
-0.944  0.0061143583
-0.94  0.0062927132
-0.936  0.00647627069
-0.932  0.00666518252
-0.928  0.00685960488
-0.924  0.00705969852
-0.92  0.00726562885
-0.916  0.00747756614
-0.912  0.00769568561
-0.908  0.00792016759
-0.904  0.00815119768
-0.9  0.00838896688
-0.896  0.00863367177
-0.892  0.00888551466
-0.888  0.00914470377
-0.884  0.00941145339
-0.88  0.00968598406
-0.876  0.00996852275
-0.872  0.010259303
-0.868  0.0105585654
-0.864  0.0108665571
-0.86  0.0111835329
-0.856  0.0115097549
-0.852  0.0118454927
-0.848  0.0121910239
-0.844  0.0125466342
-0.84  0.0129126176
-0.836  0.0132892767
-0.832  0.0136769229
-0.828  0.0140758767
-0.824  0.0144864679
-0.82  0.0149090359
-0.816  0.0153439303
-0.812  0.0157915104
-0.808  0.0162521463
-0.804  0.016726219
-0.8  0.0172141202
-0.796  0.0177162535
-0.792  0.0182330339
-0.788  0.0187648888
-0.784  0.0193122577
-0.78  0.0198755933
-0.776  0.0204553614
-0.772  0.0210520412
-0.768  0.021666126
-0.764  0.0222981236
-0.76  0.0229485565
-0.756  0.0236179624
-0.752  0.0243068948
-0.748  0.0250159232
-0.744  0.0257456339
-0.74  0.0264966301
-0.736  0.0272695328
-0.732  0.028064981
-0.728  0.0288836322
-0.724  0.0297261634
-0.72  0.030593271
-0.716  0.0314856721
-0.712  0.0324041044
-0.708  0.0333493272
-0.704  0.034322122
-0.7  0.0353232931
-0.696  0.0363536682
-0.692  0.0374140991
-0.688  0.0385054627
-0.684  0.0396286612
-0.68  0.0407846233
-0.676  0.0419743045
-0.672  0.0431986886
-0.668  0.0444587878
-0.664  0.0457556439
-0.66  0.0470903291
-0.656  0.0484639469
-0.652  0.0498776328
-0.648  0.0513325558
-0.644  0.0528299187
-0.64  0.0543709594
-0.636  0.055956952
-0.632  0.0575892078
-0.628  0.0592690762
-0.624  0.0609979462
-0.62  0.062777247
-0.616  0.0646084498
-0.612  0.0664930685
-0.608  0.0684326612
-0.604  0.0704288315
-0.6  0.0724832298
-0.596  0.0745975546
-0.592  0.076773554
-0.588  0.0790130269
-0.584  0.0813178249
-0.58  0.0836898535
-0.576  0.0861310738
-0.572  0.0886435042
-0.568  0.0912292217
-0.564  0.0938903643
-0.56  0.0966291319
-0.556  0.0994477891
-0.552  0.102348666
-0.548  0.105334161
-0.544  0.108406742
-0.54  0.111568951
-0.536  0.1148234
-0.532  0.118172781
-0.528  0.121619863
-0.524  0.125167496
-0.52  0.128818613
-0.516  0.132576232
-0.512  0.136443461
-0.508  0.140423496
-0.504  0.144519628
-0.5  0.148735244
-0.496  0.153073828
-0.492  0.157538969
-0.488  0.162134356
-0.484  0.166863791
-0.48  0.171731182
-0.476  0.176740555
-0.472  0.18189605
-0.468  0.18720193
-0.464  0.192662582
-0.46  0.19828252
-0.456  0.204066391
-0.452  0.210018977
-0.448  0.216145199
-0.444  0.222450121
-0.44  0.228938958
-0.436  0.235617072
-0.432  0.242489987
-0.428  0.249563383
-0.424  0.256843109
-0.42  0.264335183
-0.416  0.2720458
-0.412  0.279981335
-0.408  0.288148348
-0.404  0.296553592
-0.4  0.305204015
-0.396  0.31410677
-0.392  0.323269216
-0.388  0.33269893
-0.384  0.342403708
-0.38  0.352391572
-0.376  0.36267078
-0.372  0.373249832
-0.368  0.384137473
-0.364  0.395342705
-0.36  0.406874791
-0.356  0.418743267
-0.352  0.430957945
-0.348  0.443528923
-0.344  0.456466594
-0.34  0.469781655
-0.336  0.483485115
-0.332  0.497588302
-0.328  0.512102877
-0.324  0.527040841
-0.32  0.542414542
-0.316  0.558236692
-0.312  0.574520371
-0.308  0.591279043
-0.304  0.608526563
-0.3  0.626277191
-0.296  0.644545601
-0.292  0.663346898
-0.288  0.682696627
-0.284  0.702610784
-0.28  0.723105834
-0.276  0.744198721
-0.272  0.765906885
-0.268  0.788248272
-0.264  0.811241355
-0.2625  0.820035637
-0.2625  0.820035638
-0.2585  0.843645583
-0.2545  0.867308886
-0.2505  0.891009964
-0.2465  0.914733207
-0.2425  0.938462991
-0.2385  0.962183687
-0.2345  0.985879673
-0.2305  1.00953534
-0.2265  1.03313512
-0.2225  1.05666345
-0.2185  1.08010485
-0.2145  1.10344388
-0.2105  1.12666517
-0.2065  1.14975341
-0.2025  1.17269342
-0.1985  1.19547007
-0.1945  1.21806837
-0.1905  1.24047343
-0.1865  1.26267051
-0.1825  1.28464497
-0.1785  1.30638235
-0.1745  1.32786833
-0.1705  1.34908876
-0.1665  1.37002967
-0.1625  1.39067726
-0.1585  1.41101793
-0.1545  1.43103829
-0.1505  1.45072516
-0.1465  1.47006556
-0.1425  1.48904676
-0.1385  1.50765626
-0.1345  1.5258818
-0.1305  1.54371138
-0.1265  1.56113326
-0.1225  1.57813596
-0.1185  1.59470828
-0.1145  1.61083932
-0.1105  1.62651844
-0.1065  1.64173532
-0.1025  1.65647994
-0.0984999999  1.67074258
-0.0944999999  1.68451386
-0.0904999999  1.6977847
-0.0864999999  1.71054637
-0.0824999999  1.72279046
-0.0784999999  1.7345089
-0.0744999999  1.74569398
-0.0704999999  1.75633833
-0.0664999999  1.76643493
-0.0624999999  1.77597716
-0.0584999999  1.7849587
-0.0544999999  1.79337366
-0.0504999999  1.80121649
-0.0464999999  1.80848202
-0.0424999999  1.81516547
-0.0384999999  1.82126244
-0.0344999999  1.82676891
-0.0304999999  1.83168125
-0.0264999999  1.83599623
-0.0224999999  1.83971102
-0.0184999999  1.84282315
-0.0144999999  1.84533058
-0.0104999999  1.84723167
-0.0064999999  1.84852515
-0.0024999999  1.84921018
0.0015000001  1.84928631
0.0055000001  1.84875348
0.0095000001  1.84761204
0.0135000001  1.84586275
0.0175000001  1.84350677
0.0215000001  1.84054563
0.0255000001  1.8369813
0.0295000001  1.83281612
0.0335000001  1.82805282
0.0375000001  1.82269456
0.0415000001  1.81674486
0.0455000001  1.81020763
0.0495000001  1.80308719
0.0535000001  1.79538821
0.0575000001  1.78711578
0.0615000001  1.77827534
0.0655000001  1.76887272
0.0695000001  1.75891409
0.0735000001  1.74840604
0.0775000001  1.73735546
0.0815000001  1.72576965
0.0855000001  1.71365624
0.0895000001  1.70102319
0.0935000001  1.68787883
0.0975000001  1.67423183
0.1015  1.66009115
0.1055  1.64546613
0.1095  1.63036639
0.1135  1.61480187
0.1175  1.59878283
0.1215  1.58231982
0.1255  1.56542367
0.1295  1.54810553
0.1335  1.53037678
0.1375  1.51224911
0.1415  1.49373446
0.1455  1.47484503
0.1495  1.45559324
0.1535  1.43599178
0.1575  1.41605357
0.1615  1.39579172
0.1655  1.3752196
0.1695  1.35435073
0.1735  1.33319888
0.1775  1.31177797
0.1815  1.2901021
0.1855  1.26818556
0.1895  1.24604277
0.1935  1.22368833
0.1975  1.20113695
0.2015  1.17840348
0.2055  1.1555029
0.2095  1.13245029
0.2135  1.10926084
0.2175  1.08594981
0.2215  1.06253256
0.2255  1.0390245
0.2295  1.01544113
0.2335  0.991797978
0.2375  0.968110609
0.2415  0.944394626
0.2455  0.920665649
0.2495  0.896939306
0.2535  0.873231223
0.2575  0.849557013
0.2615  0.82593227
0.2625  0.820035638
0.2625  0.820035637
0.2665  0.796793297
0.2705  0.774209717
0.2745  0.752266226
0.2785  0.730944681
0.2825  0.710227454
0.2865  0.690097417
0.2905  0.670537927
0.2945  0.651532814
0.2985  0.633066364
0.3025  0.615123311
0.3065  0.597688818
0.3105  0.580748474
0.3145  0.56428827
0.3185  0.5482946
0.3225  0.53275424
0.3265  0.517654341
0.3305  0.502982421
0.3345  0.488726347
0.3385  0.474874335
0.3425  0.461414931
0.3465  0.448337009
0.3505  0.435629755
0.3545  0.423282664
0.3585  0.411285528
0.3625  0.399628427
0.3665  0.388301725
0.3705  0.377296056
0.3745  0.366602322
0.3785  0.356211681
0.3825  0.346115544
0.3865  0.336305561
0.3905  0.326773624
0.3945  0.317511852
0.3985  0.308512587
0.4025  0.299768388
0.4065  0.291272027
0.4105  0.28301648
0.4145  0.27499492
0.4185  0.267200715
0.4225  0.259627423
0.4265  0.252268781
0.4305  0.245118705
0.4345  0.238171285
0.4385  0.231420776
0.4425  0.224861597
0.4465  0.218488326
0.4505  0.212295693
0.4545  0.206278578
0.4585  0.200432007
0.4625  0.194751146
0.4665  0.189231297
0.4705  0.183867899
0.4745  0.178656515
0.4785  0.173592839
0.4825  0.168672682
0.4865  0.163891978
0.4905  0.159246774
0.4945  0.154733229
0.4985  0.150347612
0.5025  0.146086297
0.5065  0.141945761
0.5105  0.13792258
0.5145  0.134013428
0.5185  0.130215075
0.5225  0.126524378
0.5265  0.122938286
0.5305  0.119453836
0.5345  0.116068146
0.5385  0.112778417
0.5425  0.109581929
0.5465  0.106476039
0.5505  0.103458179
0.5545  0.100525855
0.5585  0.0976766425
0.5625  0.0949081851
0.5665  0.0922181944
0.5705  0.0896044463
0.5745  0.0870647799
0.5785  0.0845970955
0.5825  0.0821993528
0.5865  0.0798695696
0.5905  0.0776058196
0.5945  0.0754062313
0.5985  0.0732689861
0.6025  0.071192317
0.6065  0.0691745071
0.6105  0.0672138882
0.6145  0.0653088393
0.6185  0.0634577853
0.6225  0.061659196
0.6265  0.0599115841
0.6305  0.058213505
0.6345  0.0565635547
0.6385  0.0549603691
0.6425  0.0534026227
0.6465  0.0518890277
0.6505  0.0504183326
0.6545  0.0489893215
0.6585  0.047600813
0.6625  0.0462516591
0.6665  0.0449407444
0.6705  0.0436669851
0.6745  0.042429328
0.6785  0.04122675
0.6825  0.0400582567
0.6865  0.0389228822
0.6905  0.0378196876
0.6945  0.036747761
0.6985  0.0357062161
0.7025  0.0346941918
0.7065  0.0337108514
0.7105  0.0327553819
0.7145  0.0318269933
0.7185  0.0309249181
0.7225  0.0300484106
0.7265  0.0291967459
0.7305  0.0283692201
0.7345  0.0275651489
0.7385  0.0267838675
0.7425  0.0260247301
0.7465  0.025287109
0.7505  0.0245703943
0.7545  0.0238739935
0.7585  0.0231973309
0.7625  0.022539847
0.7665  0.0219009982
0.7705  0.0212802564
0.7745  0.0206771082
0.7785  0.0200910552
0.7825  0.0195216127
0.7865  0.01896831
0.7905  0.0184306896
0.7945  0.017908307
0.7985  0.0174007303
0.8025  0.01690754
0.8065  0.0164283281
0.8105  0.0159626986
0.8145  0.0155102665
0.8185  0.0150706577
0.8225  0.0146435088
0.8265  0.0142284666
0.8305  0.0138251879
0.8345  0.0134333395
0.8385  0.0130525972
0.8425  0.0126826463
0.8465  0.012323181
0.8505  0.011973904
0.8545  0.0116345267
0.8585  0.0113047683
0.8625  0.0109843563
0.8665  0.0106730257
0.8705  0.0103705193
0.8745  0.0100765868
0.8785  0.00979098521
0.8825  0.00951347849
0.8865  0.00924383716
0.8905  0.0089818383
0.8945  0.0087272653
0.8985  0.00847990768
0.9025  0.00823956094
0.9065  0.00800602637
0.9105  0.00777911088
0.9145  0.00755862688
0.9185  0.00734439208
0.9225  0.00713622935
0.9265  0.0069339666
0.9305  0.0067374366
0.9345  0.00654647686
0.9385  0.00636092951
0.9425  0.00618064115
0.9465  0.00600546272
0.9505  0.00583524938
0.9545  0.00566986041
0.9585  0.00550915908
0.9625  0.00535301251
0.9665  0.00520129163
0.9705  0.00505387098
0.9745  0.00491062868
0.9785  0.00477144632
0.9825  0.00463620881
0.9865  0.00450480435
0.9905  0.0043771243
0.9945  0.0042530631
0.9985  0.00413251817
1  0.00408819994
