-1  0.00439843996
-0.996  0.00452424844
-0.992  0.00465365542
-0.988  0.00478676383
-0.984  0.00492367953
-0.98  0.00506451143
-0.976  0.00520937155
-0.972  0.00535837509
-0.968  0.00551164058
-0.964  0.00566928992
-0.96  0.00583144849
-0.956  0.00599824529
-0.952  0.00616981297
-0.948  0.006346288
-0.944  0.00652781074
-0.94  0.00671452557
-0.936  0.006906581
-0.932  0.00710412979
-0.928  0.00730732906
-0.924  0.00751634044
-0.92  0.00773133016
-0.916  0.00795246923
-0.912  0.00817993354
-0.908  0.00841390401
-0.904  0.00865456672
-0.9  0.00890211311
-0.896  0.00915674006
-0.892  0.0094186501
-0.888  0.00968805155
-0.884  0.00996515868
-0.88  0.0102501919
-0.876  0.0105433779
-0.872  0.0108449499
-0.868  0.0111551478
-0.864  0.0114742183
-0.86  0.0118024151
-0.856  0.0121399993
-0.852  0.0124872394
-0.848  0.0128444117
-0.844  0.0132118001
-0.84  0.0135896969
-0.836  0.0139784028
-0.832  0.0143782267
-0.828  0.0147894868
-0.824  0.0152125102
-0.82  0.0156476333
-0.816  0.0160952022
-0.812  0.0165555729
-0.808  0.0170291116
-0.804  0.017516195
-0.8  0.0180172103
-0.796  0.0185325562
-0.792  0.0190626425
-0.788  0.0196078909
-0.784  0.0201687349
-0.78  0.0207456208
-0.776  0.0213390074
-0.772  0.0219493665
-0.768  0.0225771838
-0.764  0.0232229585
-0.76  0.0238872043
-0.756  0.0245704495
-0.752  0.0252732375
-0.748  0.0259961274
-0.744  0.0267396941
-0.74  0.027504529
-0.736  0.0282912404
-0.732  0.0291004542
-0.728  0.0299328138
-0.724  0.0307889815
-0.72  0.0316696381
-0.716  0.032575484
-0.712  0.0335072399
-0.708  0.0344656468
-0.704  0.0354514669
-0.7  0.0364654845
-0.696  0.0375085059
-0.692  0.0385813609
-0.688  0.0396849028
-0.684  0.0408200092
-0.68  0.0419875831
-0.676  0.043188553
-0.672  0.0444238743
-0.668  0.0456945294
-0.664  0.047001529
-0.66  0.0483459127
-0.656  0.0497287499
-0.652  0.0511511402
-0.648  0.0526142152
-0.644  0.0541191385
-0.64  0.055667107
-0.636  0.0572593521
-0.632  0.0588971401
-0.628  0.0605817737
-0.624  0.0623145929
-0.62  0.0640969759
-0.616  0.0659303403
-0.612  0.0678161444
-0.608  0.0697558882
-0.604  0.0717511143
-0.6  0.0738034099
-0.596  0.0759144073
-0.592  0.0780857854
-0.588  0.0803192715
-0.584  0.0826166419
-0.58  0.0849797239
-0.576  0.0874103972
-0.572  0.0899105949
-0.568  0.0924823057
-0.564  0.0951275751
-0.56  0.0978485071
-0.556  0.100647266
-0.552  0.103526077
-0.548  0.106487232
-0.544  0.109533084
-0.54  0.112666056
-0.536  0.115888641
-0.532  0.119203401
-0.528  0.122612973
-0.524  0.12612007
-0.52  0.129727479
-0.516  0.133438072
-0.512  0.137254798
-0.508  0.141180694
-0.504  0.145218882
-0.5  0.149372575
-0.496  0.153645076
-0.492  0.158039782
-0.488  0.162560191
-0.484  0.167209897
-0.48  0.171992598
-0.476  0.176912098
-0.472  0.181972311
-0.468  0.187177261
-0.464  0.192531089
-0.46  0.198038051
-0.456  0.203702529
-0.452  0.209529028
-0.448  0.215522183
-0.444  0.221686759
-0.44  0.228027661
-0.436  0.234549931
-0.432  0.241258758
-0.428  0.248159477
-0.424  0.255257577
-0.42  0.262558704
-0.416  0.270068665
-0.412  0.277793433
-0.408  0.285739153
-0.404  0.293912144
-0.4  0.302318906
-0.396  0.310966128
-0.392  0.319860685
-0.388  0.329009653
-0.384  0.338420309
-0.38  0.348100138
-0.376  0.358056839
-0.372  0.368298331
-0.368  0.37883276
-0.364  0.389668506
-0.36  0.400814186
-0.356  0.412278665
-0.352  0.424071063
-0.348  0.436200759
-0.344  0.4486774
-0.34  0.46151091
-0.336  0.474711496
-0.332  0.488289659
-0.328  0.502256198
-0.324  0.516622221
-0.32  0.531399155
-0.316  0.546598754
-0.312  0.562233106
-0.308  0.578314648
-0.304  0.594856169
-0.3  0.611870828
-0.296  0.629372156
-0.292  0.647374074
-0.288  0.665890901
-0.284  0.684937364
-0.28  0.704528613
-0.276  0.72468023
-0.272  0.745408243
-0.268  0.766729139
-0.264  0.788659876
-0.26  0.811217898
-0.256  0.834421146
-0.252  0.858288076
-0.25  0.870476332
-0.25  0.870476333
-0.246  0.895045209
-0.242  0.919642966
-0.238  0.944252634
-0.234  0.968857231
-0.23  0.993439782
-0.226  1.01798332
-0.222  1.04247093
-0.218  1.06688569
-0.214  1.09121077
-0.21  1.11542938
-0.206  1.13952481
-0.202  1.16348044
-0.198  1.18727974
-0.194  1.21090629
-0.19  1.23434378
-0.186  1.25757605
-0.182  1.28058706
-0.178  1.30336094
-0.174  1.32588197
-0.17  1.34813462
-0.166  1.37010353
-0.162  1.39177354
-0.158  1.41312971
-0.154  1.43415729
-0.15  1.45484178
-0.146  1.47516891
-0.142  1.49512465
-0.138  1.51469523
-0.134  1.53386715
-0.13  1.55262718
-0.126  1.57096238
-0.122  1.5888601
-0.118  1.60630798
-0.114  1.62329399
-0.11  1.63980641
-0.106  1.65583384
-0.102  1.67136523
-0.0979999999  1.68638986
-0.0939999999  1.70089737
-0.0899999999  1.71487774
-0.0859999999  1.72832133
-0.0819999999  1.74121886
-0.0779999999  1.75356144
-0.0739999999  1.76534054
-0.0699999999  1.77654804
-0.0659999999  1.78717621
-0.0619999999  1.79721772
-0.0579999999  1.80666563
-0.0539999999  1.81551343
-0.0499999999  1.823755
-0.0459999999  1.83138468
-0.0419999999  1.83839719
-0.0379999999  1.84478769
-0.0339999999  1.85055177
-0.0299999999  1.85568546
-0.0259999999  1.86018521
-0.0219999999  1.86404793
-0.0179999999  1.86727094
-0.0139999999  1.86985202
-0.0099999999  1.87178939
-0.0059999999  1.87308171
-0.0019999999  1.87372809
0.0020000001  1.87372809
0.0060000001  1.87308171
0.0100000001  1.87178939
0.0140000001  1.86985202
0.0180000001  1.86727094
0.0220000001  1.86404793
0.0260000001  1.86018521
0.0300000001  1.85568546
0.0340000001  1.85055177
0.0380000001  1.84478769
0.0420000001  1.83839719
0.0460000001  1.83138468
0.0500000001  1.823755
0.0540000001  1.81551342
0.0580000001  1.80666563
0.0620000001  1.79721772
0.0660000001  1.78717621
0.0700000001  1.77654804
0.0740000001  1.76534054
0.0780000001  1.75356144
0.0820000001  1.74121886
0.0860000001  1.72832133
0.0900000001  1.71487774
0.0940000001  1.70089737
0.0980000001  1.68638986
0.102  1.67136523
0.106  1.65583384
0.11  1.63980641
0.114  1.62329399
0.118  1.60630798
0.122  1.58886009
0.126  1.57096238
0.13  1.55262718
0.134  1.53386715
0.138  1.51469523
0.142  1.49512465
0.146  1.47516891
0.15  1.45484178
0.154  1.43415729
0.158  1.41312971
0.162  1.39177354
0.166  1.37010353
0.17  1.34813462
0.174  1.32588197
0.178  1.30336094
0.182  1.28058706
0.186  1.25757604
0.19  1.23434378
0.194  1.21090629
0.198  1.18727974
0.202  1.16348044
0.206  1.13952481
0.21  1.11542938
0.214  1.09121077
0.218  1.06688569
0.222  1.04247092
0.226  1.01798332
0.23  0.993439781
0.234  0.96885723
0.238  0.944252632
0.242  0.919642965
0.246  0.895045207
0.25  0.870476333
0.25  0.870476332
0.254  0.846270475
0.258  0.822737726
0.262  0.799859366
0.266  0.777617198
0.27  0.755993531
0.274  0.734971166
0.278  0.714533383
0.282  0.694663926
0.286  0.67534699
0.29  0.656567212
0.294  0.638309655
0.298  0.620559796
0.302  0.603303519
0.306  0.586527097
0.31  0.570217187
0.314  0.554360816
0.318  0.538945373
0.322  0.523958597
0.326  0.509388567
0.33  0.495223694
0.334  0.481452712
0.338  0.468064668
0.342  0.455048914
0.346  0.442395097
0.35  0.430093151
0.354  0.418133294
0.358  0.406506011
0.362  0.395202055
0.366  0.384212435
0.37  0.37352841
0.374  0.363141482
0.378  0.353043389
0.382  0.343226101
0.386  0.333681807
0.39  0.324402917
0.394  0.315382051
0.398  0.306612034
0.402  0.29808589
0.406  0.289796837
0.41  0.281738283
0.414  0.273903818
0.418  0.26628721
0.422  0.258882403
0.426  0.251683505
0.43  0.244684791
0.434  0.237880694
0.438  0.231265804
0.442  0.224834857
0.446  0.21858274
0.45  0.212504479
0.454  0.206595239
0.458  0.200850322
0.462  0.195265157
0.466  0.189835302
0.47  0.184556438
0.474  0.179424367
0.478  0.174435006
0.482  0.169584387
0.486  0.164868653
0.49  0.160284051
0.494  0.155826937
0.498  0.151493764
0.502  0.147281086
0.506  0.143185553
0.51  0.139203907
0.514  0.13533298
0.518  0.131569695
0.522  0.127911058
0.526  0.124354158
0.53  0.120896168
0.534  0.117534336
0.538  0.114265988
0.542  0.111088526
0.546  0.10799942
0.55  0.104996216
0.554  0.102076523
0.558  0.0992380203
0.562  0.0964784493
0.566  0.0937956153
0.57  0.0911873845
0.574  0.0886516824
0.578  0.086186492
0.582  0.0837898526
0.586  0.081459858
0.59  0.079194655
0.594  0.0769924418
0.598  0.0748514669
0.602  0.0727700274
0.606  0.0707464677
0.61  0.0687791783
0.614  0.0668665946
0.618  0.0650071952
0.622  0.0631995012
0.626  0.0614420748
0.63  0.0597335183
0.634  0.0580724726
0.638  0.0564576166
0.642  0.0548876659
0.646  0.0533613717
0.65  0.0518775201
0.654  0.0504349308
0.658  0.0490324565
0.662  0.0476689817
0.666  0.0463434218
0.67  0.0450547225
0.674  0.0438018589
0.678  0.0425838344
0.682  0.0413996802
0.686  0.0402484545
0.69  0.0391292417
0.694  0.0380411514
0.698  0.0369833184
0.702  0.0359549011
0.706  0.0349550817
0.71  0.0339830648
0.714  0.0330380774
0.718  0.0321193678
0.722  0.0312262053
0.726  0.0303578795
0.73  0.0295136998
0.734  0.0286929947
0.738  0.0278951114
0.742  0.0271194153
0.746  0.0263652895
0.75  0.0256321341
0.754  0.0249193661
0.758  0.0242264183
0.762  0.0235527398
0.766  0.0228977947
0.77  0.022261062
0.774  0.0216420353
0.778  0.0210402223
0.782  0.0204551443
0.786  0.0198863358
0.79  0.0193333446
0.794  0.0187957307
0.798  0.0182730666
0.802  0.0177649365
0.806  0.0172709362
0.81  0.016790673
0.814  0.0163237647
0.818  0.01586984
0.822  0.0154285379
0.826  0.0149995073
0.83  0.014582407
0.834  0.0141769053
0.838  0.0137826796
0.842  0.0133994164
0.846  0.0130268108
0.85  0.0126645665
0.854  0.0123123953
0.858  0.0119700171
0.862  0.0116371597
0.866  0.0113135582
0.87  0.0109989554
0.874  0.0106931008
0.878  0.0103957514
0.882  0.0101066705
0.886  0.00982562826
0.89  0.00955240113
0.894  0.0092867718
0.898  0.00902852898
0.902  0.00877746727
0.906  0.00853338698
0.91  0.00829609398
0.914  0.00806539953
0.918  0.00784112014
0.922  0.00762307742
0.926  0.00741109795
0.93  0.00720501311
0.934  0.007004659
0.938  0.00680987625
0.942  0.00662050995
0.946  0.00643640947
0.95  0.00625742838
0.954  0.00608342432
0.958  0.0059142589
0.962  0.00574979757
0.966  0.0055899095
0.97  0.00543446754
0.974  0.00528334805
0.978  0.00513643083
0.982  0.00499359903
0.986  0.00485473903
0.99  0.0047197404
0.994  0.00458849575
0.998  0.0044609007
1  0.00439843996
