-1  0.00364377293
-0.996  0.00375374284
-0.992  0.00386703167
-0.988  0.00398373959
-0.984  0.00410396977
-0.98  0.00422782854
-0.976  0.00435542538
-0.972  0.00448687313
-0.968  0.00462228801
-0.964  0.00476178973
-0.96  0.00490550166
-0.956  0.00505355084
-0.952  0.00520606817
-0.948  0.00536318852
-0.944  0.0055250508
-0.94  0.00569179811
-0.936  0.0058635779
-0.932  0.00604054205
-0.928  0.00622284701
-0.924  0.00641065398
-0.92  0.00660412901
-0.916  0.00680344315
-0.912  0.00700877265
-0.908  0.00722029904
-0.904  0.00743820934
-0.9  0.00766269623
-0.896  0.00789395818
-0.892  0.00813219967
-0.888  0.00837763135
-0.884  0.00863047021
-0.88  0.00889093981
-0.876  0.00915927043
-0.872  0.00943569934
-0.868  0.00972047094
-0.864  0.010013837
-0.86  0.0103160569
-0.856  0.0106273979
-0.852  0.0109481353
-0.848  0.0112785525
-0.844  0.0116189419
-0.84  0.0119696042
-0.836  0.0123308497
-0.832  0.0127029976
-0.828  0.013086377
-0.824  0.0134813269
-0.82  0.0138881965
-0.816  0.0143073455
-0.812  0.0147391445
-0.808  0.0151839753
-0.804  0.0156422312
-0.8  0.0161143174
-0.796  0.0166006512
-0.792  0.0171016627
-0.788  0.0176177949
-0.784  0.018149504
-0.78  0.0186972603
-0.776  0.019261548
-0.772  0.0198428659
-0.768  0.0204417283
-0.764  0.0210586644
-0.76  0.0216942197
-0.756  0.0223489563
-0.752  0.023023453
-0.748  0.0237183062
-0.744  0.0244341302
-0.74  0.0251715579
-0.736  0.0259312414
-0.732  0.0267138523
-0.728  0.0275200825
-0.724  0.028350645
-0.72  0.0292062741
-0.716  0.0300877262
-0.712  0.0309957808
-0.708  0.0319312407
-0.704  0.0328949329
-0.7  0.0338877097
-0.696  0.0349104486
-0.692  0.0359640541
-0.688  0.0370494576
-0.684  0.0381676188
-0.68  0.0393195264
-0.676  0.0405061989
-0.672  0.0417286853
-0.668  0.0429880668
-0.664  0.0442854566
-0.66  0.045622002
-0.656  0.0469988846
-0.652  0.0484173219
-0.648  0.0498785679
-0.644  0.0513839147
-0.64  0.0529346931
-0.636  0.0545322745
-0.632  0.0561780712
-0.628  0.0578735385
-0.624  0.0596201753
-0.62  0.061419526
-0.616  0.0632731816
-0.612  0.0651827809
-0.608  0.0671500124
-0.604  0.0691766154
-0.6  0.0712643817
-0.596  0.0734151573
-0.592  0.0756308438
-0.588  0.0779134003
-0.584  0.0802648448
-0.58  0.0826872565
-0.576  0.0851827771
-0.572  0.0877536131
-0.568  0.0904020375
-0.564  0.093130392
-0.56  0.0959410889
-0.556  0.0988366133
-0.552  0.101819525
-0.548  0.104892462
-0.544  0.108058141
-0.54  0.111319361
-0.536  0.114679005
-0.532  0.118140044
-0.528  0.121705538
-0.524  0.125378639
-0.52  0.129162596
-0.516  0.133060753
-0.512  0.137076558
-0.508  0.14121356
-0.504  0.145475418
-0.5  0.1498659
-0.496  0.154388888
-0.492  0.15904838
-0.488  0.163848497
-0.484  0.168793483
-0.48  0.173887709
-0.476  0.179135681
-0.472  0.184542037
-0.468  0.190111559
-0.464  0.19584917
-0.46  0.201759943
-0.456  0.207849105
-0.452  0.21412204
-0.448  0.220584293
-0.444  0.227241578
-0.44  0.234099781
-0.436  0.241164967
-0.432  0.248443382
-0.428  0.255941461
-0.424  0.263665834
-0.42  0.27162333
-0.416  0.279820985
-0.412  0.288266048
-0.408  0.296965984
-0.404  0.305928486
-0.4  0.315161479
-0.396  0.324673126
-0.392  0.334471836
-0.388  0.344566274
-0.384  0.354965364
-0.38  0.365678301
-0.376  0.376714557
-0.372  0.38808389
-0.368  0.399796352
-0.364  0.411862299
-0.36  0.424292399
-0.356  0.437097642
-0.352  0.450289351
-0.348  0.463879188
-0.344  0.477879169
-0.34  0.492301674
-0.336  0.507159453
-0.332  0.522465643
-0.328  0.538233777
-0.324  0.554477798
-0.32  0.571212067
-0.316  0.58845138
-0.312  0.606210979
-0.308  0.624506567
-0.304  0.643354321
-0.3  0.662770904
-0.296  0.682773483
-0.292  0.703379746
-0.288  0.72460791
-0.2875  0.727306086
-0.2875  0.727306087
-0.2835  0.748980899
-0.2795  0.770745535
-0.2755  0.79258691
-0.2715  0.814491892
-0.2675  0.836447311
-0.2635  0.858439969
-0.2595  0.880456642
-0.2555  0.902484093
-0.2515  0.92450908
-0.2475  0.946518361
-0.2435  0.968498703
-0.2395  0.990436892
-0.2355  1.01231974
-0.2315  1.03413408
-0.2275  1.05586682
-0.2235  1.07750487
-0.2195  1.09903523
-0.2155  1.12044496
-0.2115  1.14172118
-0.2075  1.16285111
-0.2035  1.18382203
-0.1995  1.20462135
-0.1955  1.22523655
-0.1915  1.24565524
-0.1875  1.26586515
-0.1835  1.28585413
-0.1795  1.30561015
-0.1755  1.32512134
-0.1715  1.34437598
-0.1675  1.36336247
-0.1635  1.38206942
-0.1595  1.40048557
-0.1555  1.41859984
-0.1515  1.43640136
-0.1475  1.45387941
-0.1435  1.4710235
-0.1395  1.4878233
-0.1355  1.50426872
-0.1315  1.52034988
-0.1275  1.53605711
-0.1235  1.55138095
-0.1195  1.56631221
-0.1155  1.5808419
-0.1115  1.59496128
-0.1075  1.60866187
-0.1035  1.62193544
-0.0994999999  1.63477399
-0.0954999999  1.64716982
-0.0914999999  1.65911547
-0.0874999999  1.67060376
-0.0834999999  1.68162777
-0.0794999999  1.69218089
-0.0754999999  1.70225677
-0.0714999999  1.71184935
-0.0674999999  1.72095286
-0.0634999999  1.72956183
-0.0594999999  1.73767109
-0.0554999999  1.74527575
-0.0514999999  1.75237125
-0.0474999999  1.75895333
-0.0434999999  1.76501801
-0.0394999999  1.77056167
-0.0354999999  1.77558096
-0.0314999999  1.78007287
-0.0274999999  1.78403469
-0.0234999999  1.78746405
-0.0194999999  1.79035888
-0.0154999999  1.79271744
-0.0114999999  1.79453832
-0.0074999999  1.79582041
-0.0034999999  1.79656296
0.0005000001  1.79676551
0.0045000001  1.79642793
0.0085000001  1.79555045
0.0125000001  1.79413357
0.0165000001  1.79217816
0.0205000001  1.78968538
0.0245000001  1.78665674
0.0285000001  1.78309406
0.0325000001  1.77899948
0.0365000001  1.77437547
0.0405000001  1.76922479
0.0445000001  1.76355055
0.0485000001  1.75735616
0.0525000001  1.75064535
0.0565000001  1.74342215
0.0605000001  1.73569089
0.0645000001  1.72745624
0.0685000001  1.71872313
0.0725000001  1.70949683
0.0765000001  1.69978288
0.0805000001  1.68958711
0.0845000001  1.67891566
0.0885000001  1.66777494
0.0925000001  1.65617166
0.0965000001  1.64411278
0.1005  1.63160556
0.1045  1.61865752
0.1085  1.60527644
0.1125  1.59147037
0.1165  1.5772476
0.1205  1.56261669
0.1245  1.54758644
0.1285  1.53216588
0.1325  1.51636427
0.1365  1.50019113
0.1405  1.48365618
0.1445  1.46676935
0.1485  1.4495408
0.1525  1.43198089
0.1565  1.41410017
0.1605  1.3959094
0.1645  1.37741951
0.1685  1.35864161
0.1725  1.339587
0.1765  1.32026714
0.1805  1.30069363
0.1845  1.28087825
0.1885  1.26083291
0.1925  1.24056966
0.1965  1.22010069
0.2005  1.19943829
0.2045  1.1785949
0.2085  1.15758304
0.2125  1.13641534
0.2165  1.11510454
0.2205  1.09366344
0.2245  1.07210494
0.2285  1.050442
0.2325  1.02868764
0.2365  1.00685493
0.2405  0.984957017
0.2445  0.963007053
0.2485  0.941018236
0.2525  0.919003788
0.2565  0.896976943
0.2605  0.874950945
0.2645  0.852939035
0.2685  0.830954448
0.2725  0.809010402
0.2765  0.787120088
0.2805  0.765296669
0.2845  0.743553264
0.2875  0.727306087
0.2875  0.727306086
0.2915  0.705998875
0.2955  0.685315883
0.2995  0.665238821
0.3035  0.645749937
0.3075  0.626832002
0.3115  0.608468288
0.3155  0.590642558
0.3195  0.573339052
0.3235  0.556542471
0.3275  0.540237964
0.3315  0.524411114
0.3355  0.50904793
0.3395  0.494134826
0.3435  0.479658617
0.3475  0.465606505
0.3515  0.451966064
0.3555  0.438725234
0.3595  0.425872309
0.3635  0.413395924
0.3675  0.401285048
0.3715  0.389528973
0.3755  0.378117305
0.3795  0.367039954
0.3835  0.356287126
0.3875  0.345849313
0.3915  0.335717287
0.3955  0.32588209
0.3995  0.316335025
0.4035  0.307067652
0.4075  0.298071777
0.4115  0.289339445
0.4155  0.280862936
0.4195  0.272634756
0.4235  0.264647629
0.4275  0.256894494
0.4315  0.249368495
0.4355  0.242062978
0.4395  0.234971484
0.4435  0.228087743
0.4475  0.221405668
0.4515  0.214919352
0.4555  0.20862306
0.4595  0.202511224
0.4635  0.196578441
0.4675  0.190819465
0.4715  0.185229205
0.4755  0.179802717
0.4795  0.174535204
0.4835  0.169422008
0.4875  0.164458609
0.4915  0.159640618
0.4955  0.154963775
0.4995  0.150423946
0.5035  0.146017115
0.5075  0.141739388
0.5115  0.137586981
0.5155  0.133556223
0.5195  0.12964355
0.5235  0.125845504
0.5275  0.122158725
0.5315  0.118579954
0.5355  0.115106028
0.5395  0.111733874
0.5435  0.10846051
0.5475  0.105283043
0.5515  0.102198664
0.5555  0.0992046448
0.5595  0.0962983385
0.5635  0.0934771756
0.5675  0.0907386617
0.5715  0.0880803755
0.5755  0.0854999667
0.5795  0.0829951537
0.5835  0.0805637218
0.5875  0.0782035214
0.5915  0.0759124655
0.5955  0.0736885286
0.5995  0.0715297443
0.6035  0.0694342039
0.6075  0.0674000546
0.6115  0.0654254978
0.6155  0.0635087879
0.6195  0.06164823
0.6235  0.0598421791
0.6275  0.0580890384
0.6315  0.0563872579
0.6355  0.0547353328
0.6395  0.0531318026
0.6435  0.0515752496
0.6475  0.0500642975
0.6515  0.0485976103
0.6555  0.0471738913
0.6595  0.0457918817
0.6635  0.0444503595
0.6675  0.0431481387
0.6715  0.0418840678
0.6755  0.0406570292
0.6795  0.039465938
0.6835  0.0383097411
0.6875  0.0371874162
0.6915  0.0360979711
0.6955  0.0350404424
0.6995  0.0340138951
0.7035  0.0330174217
0.7075  0.032050141
0.7115  0.0311111978
0.7155  0.0301997619
0.7195  0.0293150276
0.7235  0.0284562125
0.7275  0.0276225573
0.7315  0.0268133249
0.7355  0.0260277999
0.7395  0.0252652876
0.7435  0.024525114
0.7475  0.0238066245
0.7515  0.023109184
0.7555  0.0224321757
0.7595  0.0217750011
0.7635  0.0211370791
0.7675  0.0205178458
0.7715  0.0199167535
0.7755  0.0193332709
0.7795  0.0187668821
0.7835  0.0182170862
0.7875  0.0176833971
0.7915  0.0171653431
0.7955  0.016662466
0.7995  0.0161743212
0.8035  0.0157004772
0.8075  0.0152405149
0.8115  0.0147940277
0.8155  0.0143606208
0.8195  0.0139399111
0.8235  0.0135315265
0.8275  0.0131351059
0.8315  0.0127502989
0.8355  0.0123767653
0.8395  0.0120141747
0.8435  0.0116622066
0.8475  0.0113205498
0.8515  0.0109889021
0.8555  0.0106669705
0.8595  0.0103544702
0.8635  0.0100511249
0.8675  0.00975666643
0.8715  0.00947083445
0.8755  0.00919337622
0.8795  0.00892404642
0.8835  0.00866260693
0.8875  0.00840882659
0.8915  0.00816248102
0.8955  0.0079233524
0.8995  0.00769122931
0.9035  0.00746590652
0.9075  0.0072471848
0.9115  0.00703487076
0.9155  0.0068287767
0.9195  0.00662872037
0.9235  0.00643452492
0.9275  0.00624601862
0.9315  0.00606303482
0.9355  0.00588541173
0.9395  0.00571299229
0.9435  0.00554562407
0.9475  0.00538315908
0.9515  0.00522545367
0.9555  0.00507236842
0.9595  0.00492376795
0.9635  0.0047795209
0.9675  0.00463949972
0.9715  0.00450358061
0.9755  0.0043716434
0.9795  0.00424357143
0.9835  0.00411925146
0.9875  0.00399857358
0.9915  0.00388143109
0.9955  0.00376772041
0.9995  0.00365734101
1  0.00364377293
