-1.1  0.00184798481
-1.0956  0.00190843573
-1.0912  0.0019708641
-1.0868  0.00203533462
-1.0824  0.00210191409
-1.078  0.00217067149
-1.0736  0.00224167808
-1.0692  0.00231500741
-1.0648  0.00239073548
-1.0604  0.00246894075
-1.056  0.00254970426
-1.0516  0.00263310968
-1.0472  0.00271924345
-1.0428  0.00280819481
-1.0384  0.00290005593
-1.034  0.00299492199
-1.0296  0.0030928913
-1.0252  0.00319406535
-1.0208  0.00329854899
-1.0164  0.00340645048
-1.012  0.00351788162
-1.0076  0.00363295788
-1.0032  0.00375179848
-0.9988  0.00387452658
-0.9944  0.00400126934
-0.99  0.00413215808
-0.9856  0.00426732842
-0.9812  0.00440692043
-0.9768  0.00455107875
-0.9724  0.00469995275
-0.968  0.00485369669
-0.9636  0.00501246986
-0.9592  0.0051764368
-0.9548  0.00534576738
-0.9504  0.00552063708
-0.946  0.00570122708
-0.9416  0.0058877245
-0.9372  0.0060803226
-0.9328  0.00627922092
-0.9284  0.00648462556
-0.924  0.00669674937
-0.9196  0.00691581212
-0.9152  0.00714204081
-0.9108  0.00737566986
-0.9064  0.00761694132
-0.902  0.00786610522
-0.8976  0.00812341971
-0.8932  0.00838915143
-0.8888  0.00866357571
-0.8844  0.0089469769
-0.88  0.00923964866
-0.8756  0.00954189424
-0.8712  0.00985402681
-0.8668  0.0101763698
-0.8624  0.0105092572
-0.858  0.010853034
-0.8536  0.0112080563
-0.8492  0.0115746921
-0.8448  0.0119533211
-0.8404  0.0123443358
-0.836  0.0127481413
-0.8316  0.013165156
-0.8272  0.013595812
-0.8228  0.0140405556
-0.8184  0.0144998475
-0.814  0.0149741637
-0.8096  0.0154639956
-0.8052  0.0159698508
-0.8008  0.0164922534
-0.7964  0.0170317448
-0.792  0.0175888839
-0.7876  0.018164248
-0.7832  0.0187584333
-0.7788  0.0193720555
-0.7744  0.0200057504
-0.77  0.0206601746
-0.7656  0.0213360062
-0.7612  0.0220339454
-0.7568  0.0227547156
-0.7524  0.0234990634
-0.748  0.0242677601
-0.7436  0.0250616023
-0.7392  0.0258814126
-0.7348  0.0267280403
-0.7304  0.0276023627
-0.726  0.0285052858
-0.7216  0.0294377451
-0.7172  0.0304007069
-0.7128  0.0313951689
-0.7084  0.0324221615
-0.704  0.0334827489
-0.6996  0.03457803
-0.6952  0.0357091398
-0.6908  0.0368772501
-0.6864  0.0380835715
-0.682  0.0393293539
-0.6776  0.040615888
-0.6732  0.041944507
-0.6688  0.0433165875
-0.6644  0.0447335512
-0.66  0.0461968664
-0.6556  0.0477080492
-0.6512  0.0492686656
-0.6468  0.0508803326
-0.6424  0.05254472
-0.638  0.0542635526
-0.6336  0.0560386114
-0.6292  0.0578717354
-0.6248  0.0597648243
-0.6204  0.0617198396
-0.616  0.0637388069
-0.6116  0.0658238183
-0.6072  0.0679770341
-0.6028  0.0702006856
-0.5984  0.0724970766
-0.594  0.0748685868
-0.5896  0.0773176734
-0.5852  0.079846874
-0.5808  0.0824588093
-0.5764  0.0851561857
-0.572  0.0879417982
-0.5676  0.0908185331
-0.5632  0.0937893712
-0.5588  0.0968573908
-0.5544  0.100025771
-0.55  0.103297794
-0.5456  0.106676851
-0.5412  0.110166444
-0.5368  0.113770187
-0.5324  0.117491815
-0.528  0.121335184
-0.5236  0.125304277
-0.5192  0.129403206
-0.5148  0.133636218
-0.5104  0.1380077
-0.506  0.142522181
-0.5016  0.147184339
-0.4972  0.151999004
-0.4928  0.156971166
-0.4884  0.162105976
-0.484  0.167408755
-0.4796  0.172884997
-0.4752  0.178540377
-0.4708  0.184380755
-0.4664  0.190412182
-0.462  0.196640908
-0.4576  0.203073387
-0.4532  0.209716284
-0.4488  0.216576482
-0.4444  0.22366109
-0.44  0.230977448
-0.4356  0.238533137
-0.4312  0.246335986
-0.4268  0.254394081
-0.4224  0.26271577
-0.418  0.271309677
-0.4136  0.280184706
-0.4092  0.289350053
-0.4048  0.298815215
-0.4004  0.30859
-0.396  0.318684536
-0.3916  0.329109282
-0.3872  0.339875041
-0.3828  0.350992966
-0.3784  0.36247458
-0.374  0.374331777
-0.3696  0.386576845
-0.3652  0.399222471
-0.3608  0.412281758
-0.3564  0.425768239
-0.352  0.439695886
-0.3476  0.454079132
-0.3432  0.468932879
-0.3388  0.48427252
-0.3344  0.500113948
-0.33  0.516473577
-0.3256  0.53336836
-0.3212  0.550815802
-0.3168  0.56883398
-0.3124  0.587441566
-0.308  0.60665784
-0.3036  0.626502712
-0.2992  0.646996746
-0.2948  0.668161177
-0.2904  0.690017935
-0.286  0.712589667
-0.2816  0.73589976
-0.2772  0.759972369
-0.275  0.772302379
-0.275  0.77230238
-0.2706  0.797211292
-0.2662  0.822207389
-0.2618  0.847271644
-0.2574  0.87238498
-0.253  0.897528283
-0.2486  0.922682415
-0.2442  0.947828231
-0.2398  0.97294659
-0.2354  0.998018375
-0.231  1.0230245
-0.2266  1.04794594
-0.2222  1.07276372
-0.2178  1.09745894
-0.2134  1.12201283
-0.209  1.14640667
-0.2046  1.17062192
-0.2002  1.19464013
-0.1958  1.21844303
-0.1914  1.2420125
-0.187  1.2653306
-0.1826  1.28837958
-0.1782  1.3111419
-0.1738  1.33360023
-0.1694  1.35573748
-0.165  1.37753679
-0.1606  1.39898159
-0.1562  1.42005553
-0.1518  1.4407426
-0.1474  1.46102703
-0.143  1.48089339
-0.1386  1.50032655
-0.1342  1.51931174
-0.1298  1.53783449
-0.1254  1.55588071
-0.121  1.57343666
-0.1166  1.59048898
-0.1122  1.6070247
-0.1078  1.62303122
-0.1034  1.63849636
-0.0989999999  1.65340835
-0.0945999999  1.66775584
-0.0901999999  1.68152791
-0.0857999999  1.69471408
-0.0813999999  1.70730431
-0.0769999999  1.71928902
-0.0725999999  1.73065908
-0.0681999999  1.74140585
-0.0637999999  1.75152114
-0.0593999999  1.76099725
-0.0549999999  1.76982698
-0.0505999999  1.77800359
-0.0461999999  1.78552087
-0.0417999999  1.79237309
-0.0373999999  1.79855505
-0.0329999999  1.80406203
-0.0285999999  1.80888984
-0.0241999999  1.81303481
-0.0197999999  1.81649378
-0.0153999999  1.81926412
-0.0109999999  1.82134373
-0.0065999999  1.82273101
-0.0021999999  1.82342491
0.0022000001  1.82342491
0.0066000001  1.82273101
0.0110000001  1.82134373
0.0154000001  1.81926412
0.0198000001  1.81649378
0.0242000001  1.81303481
0.0286000001  1.80888984
0.0330000001  1.80406203
0.0374000001  1.79855505
0.0418000001  1.79237309
0.0462000001  1.78552087
0.0506000001  1.77800359
0.0550000001  1.76982697
0.0594000001  1.76099725
0.0638000001  1.75152114
0.0682000001  1.74140585
0.0726000001  1.73065908
0.0770000001  1.71928902
0.0814000001  1.70730431
0.0858000001  1.69471408
0.0902000001  1.68152791
0.0946000001  1.66775584
0.0990000001  1.65340834
0.1034  1.63849635
0.1078  1.62303121
0.1122  1.6070247
0.1166  1.59048898
0.121  1.57343666
0.1254  1.55588071
0.1298  1.53783449
0.1342  1.51931174
0.1386  1.50032655
0.143  1.48089339
0.1474  1.46102703
0.1518  1.4407426
0.1562  1.42005553
0.1606  1.39898158
0.165  1.37753679
0.1694  1.35573747
0.1738  1.33360023
0.1782  1.3111419
0.1826  1.28837958
0.187  1.2653306
0.1914  1.2420125
0.1958  1.21844303
0.2002  1.19464013
0.2046  1.17062192
0.209  1.14640667
0.2134  1.12201282
0.2178  1.09745894
0.2222  1.07276371
0.2266  1.04794594
0.231  1.0230245
0.2354  0.998018374
0.2398  0.972946589
0.2442  0.947828229
0.2486  0.922682414
0.253  0.897528282
0.2574  0.872384979
0.2618  0.847271643
0.2662  0.822207388
0.2706  0.797211291
0.275  0.77230238
0.275  0.772302379
0.2794  0.747839209
0.2838  0.724150926
0.2882  0.701212984
0.2926  0.679001616
0.297  0.657493807
0.3014  0.636667272
0.3058  0.61650043
0.3102  0.596972387
0.3146  0.578062906
0.319  0.559752395
0.3234  0.542021881
0.3278  0.524852993
0.3322  0.50822794
0.3366  0.492129496
0.341  0.476540981
0.3454  0.461446242
0.3498  0.446829638
0.3542  0.432676025
0.3586  0.418970736
0.363  0.405699571
0.3674  0.392848779
0.3718  0.380405043
0.3762  0.368355471
0.3806  0.356687577
0.385  0.345389271
0.3894  0.334448846
0.3938  0.323854965
0.3982  0.313596653
0.4026  0.303663279
0.407  0.294044551
0.4114  0.284730503
0.4158  0.275711483
0.4202  0.266978146
0.4246  0.258521443
0.429  0.250332612
0.4334  0.242403167
0.4378  0.234724892
0.4422  0.227289832
0.4466  0.220090281
0.451  0.213118781
0.4554  0.206368108
0.4598  0.199831267
0.4642  0.193501484
0.4686  0.187372202
0.473  0.181437068
0.4774  0.175689933
0.4818  0.170124842
0.4862  0.16473603
0.4906  0.159517911
0.495  0.154465079
0.4994  0.1495723
0.5038  0.144834502
0.5082  0.140246777
0.5126  0.135804371
0.517  0.131502681
0.5214  0.12733725
0.5258  0.123303761
0.5302  0.119398036
0.5346  0.115616027
0.539  0.111953816
0.5434  0.108407607
0.5478  0.104973727
0.5522  0.101648618
0.5566  0.0984288329
0.561  0.0953110369
0.5654  0.0922919991
0.5698  0.0893685912
0.5742  0.0865377841
0.5786  0.0837966447
0.583  0.0811423326
0.5874  0.0785720975
0.5918  0.0760832763
0.5962  0.07367329
0.6006  0.0713396416
0.605  0.069079913
0.6094  0.0668917628
0.6138  0.0647729236
0.6182  0.0627212
0.6226  0.060734466
0.627  0.0588106631
0.6314  0.0569477979
0.6358  0.0551439401
0.6402  0.0533972207
0.6446  0.0517058297
0.649  0.0500680146
0.6534  0.0484820783
0.6578  0.0469463776
0.6622  0.0454593212
0.6666  0.0440193682
0.671  0.0426250267
0.6754  0.0412748518
0.6798  0.0399674446
0.6842  0.0387014503
0.6886  0.0374755572
0.693  0.0362884951
0.6974  0.0351390339
0.7018  0.0340259826
0.7062  0.0329481879
0.7106  0.0319045331
0.715  0.0308939367
0.7194  0.0299153515
0.7238  0.0289677637
0.7282  0.0280501914
0.7326  0.0271616837
0.737  0.02630132
0.7414  0.025468209
0.7458  0.0246614872
0.7502  0.0238803189
0.7546  0.0231238946
0.759  0.0223914305
0.7634  0.0216821677
0.7678  0.0209953712
0.7722  0.0203303294
0.7766  0.0196863533
0.781  0.0190627755
0.7854  0.01845895
0.7898  0.017874251
0.7942  0.0173080727
0.7986  0.0167598285
0.803  0.0162289502
0.8074  0.0157148879
0.8118  0.0152171088
0.8162  0.0147350972
0.8206  0.0142683536
0.825  0.0138163944
0.8294  0.0133787513
0.8338  0.0129549708
0.8382  0.0125446139
0.8426  0.0121472552
0.847  0.0117624832
0.8514  0.011389899
0.8558  0.0110291167
0.8602  0.0106797624
0.8646  0.0103414742
0.869  0.0100139014
0.8734  0.00969670467
0.8778  0.00938955537
0.8822  0.00909213522
0.8866  0.00880413605
0.891  0.00852525943
0.8954  0.0082552164
0.8998  0.00799372717
0.9042  0.00774052077
0.9086  0.00749533484
0.913  0.00725791533
0.9174  0.00702801624
0.9218  0.00680539935
0.9262  0.00658983399
0.9306  0.0063810968
0.935  0.00617897149
0.9394  0.00598324863
0.9438  0.00579372542
0.9482  0.00561020548
0.9526  0.00543249865
0.957  0.00526042079
0.9614  0.00509379361
0.9658  0.00493244445
0.9702  0.00477620613
0.9746  0.00462491676
0.979  0.00447841958
0.9834  0.00433656278
0.9878  0.00419919939
0.9922  0.00406618708
0.9966  0.00393738801
1.001  0.00381266874
1.0054  0.00369190003
1.0098  0.00357495674
1.0142  0.00346171771
1.0186  0.0033520656
1.023  0.00324588678
1.0274  0.00314307125
1.0318  0.00304351247
1.0362  0.00294710727
1.0406  0.00285375577
1.045  0.00276336124
1.0494  0.00267583001
1.0538  0.00259107139
1.0582  0.00250899755
1.0626  0.00242952346
1.067  0.00235256675
1.0714  0.0022780477
1.0758  0.00220588909
1.0802  0.00213601615
1.0846  0.00206835648
1.089  0.00200283997
1.0934  0.00193939874
1.0978  0.00187796705
1.1  0.00184798481
