-1  0.00336769158
-0.996  0.00347225885
-0.992  0.00358007294
-0.988  0.00369123468
-0.984  0.003805848
-0.98  0.00392402008
-0.976  0.00404586143
-0.972  0.00417148596
-0.968  0.00430101114
-0.964  0.00443455811
-0.96  0.00457225172
-0.956  0.00471422074
-0.952  0.00486059791
-0.948  0.00501152012
-0.944  0.00516712848
-0.94  0.0053275685
-0.936  0.0054929902
-0.932  0.00566354827
-0.928  0.00583940219
-0.924  0.00602071639
-0.92  0.00620766043
-0.916  0.00640040911
-0.912  0.00659914265
-0.908  0.0068040469
-0.904  0.00701531345
-0.9  0.00723313986
-0.896  0.0074577298
-0.892  0.0076892933
-0.888  0.00792804687
-0.884  0.00817421376
-0.88  0.00842802418
-0.876  0.00868971544
-0.872  0.00895953225
-0.868  0.0092377269
-0.864  0.00952455954
-0.86  0.00982029837
-0.856  0.0101252199
-0.852  0.0104396093
-0.848  0.0107637606
-0.844  0.0110979768
-0.84  0.0114425704
-0.836  0.0117978637
-0.832  0.0121641889
-0.828  0.0125418886
-0.824  0.0129313159
-0.82  0.013332835
-0.816  0.0137468213
-0.812  0.0141736619
-0.808  0.0146137559
-0.804  0.015067515
-0.8  0.0155353633
-0.796  0.0160177384
-0.792  0.0165150913
-0.788  0.017027887
-0.784  0.0175566052
-0.78  0.0181017401
-0.776  0.0186638015
-0.772  0.019243315
-0.768  0.0198408224
-0.764  0.0204568826
-0.76  0.0210920715
-0.756  0.0217469831
-0.752  0.0224222298
-0.748  0.0231184429
-0.744  0.0238362736
-0.74  0.0245763931
-0.736  0.0253394933
-0.732  0.0261262879
-0.728  0.0269375126
-0.724  0.0277739259
-0.72  0.02863631
-0.716  0.0295254712
-0.712  0.0304422409
-0.708  0.0313874765
-0.704  0.0323620618
-0.7  0.0333669081
-0.696  0.034402955
-0.692  0.0354711713
-0.688  0.0365725558
-0.684  0.0377081385
-0.68  0.0388789811
-0.676  0.0400861786
-0.672  0.0413308597
-0.668  0.0426141884
-0.664  0.0439373645
-0.66  0.0453016255
-0.656  0.0467082469
-0.652  0.0481585442
-0.648  0.0496538733
-0.644  0.0511956326
-0.64  0.0527852637
-0.636  0.0544242531
-0.632  0.0561141333
-0.628  0.0578564846
-0.624  0.059652936
-0.62  0.0615051676
-0.616  0.0634149111
-0.612  0.0653839525
-0.608  0.0674141328
-0.604  0.0695073505
-0.6  0.0716655629
-0.596  0.073890788
-0.592  0.0761851067
-0.588  0.0785506643
-0.584  0.0809896728
-0.58  0.0835044128
-0.576  0.0860972358
-0.572  0.0887705663
-0.568  0.0915269041
-0.564  0.0943688265
-0.56  0.097298991
-0.556  0.100320138
-0.552  0.103435091
-0.548  0.106646764
-0.544  0.10995816
-0.54  0.113372376
-0.536  0.116892603
-0.532  0.120522134
-0.528  0.124264362
-0.524  0.128122786
-0.52  0.132101016
-0.516  0.13620277
-0.512  0.140431884
-0.508  0.144792312
-0.504  0.149288133
-0.5  0.153923549
-0.496  0.158702895
-0.492  0.163630641
-0.488  0.168711394
-0.484  0.173949905
-0.48  0.179351072
-0.476  0.184919947
-0.472  0.190661735
-0.468  0.196581807
-0.464  0.202685698
-0.46  0.208979116
-0.456  0.215467945
-0.452  0.222158253
-0.448  0.229056296
-0.444  0.236168524
-0.44  0.243501588
-0.436  0.251062345
-0.432  0.258857863
-0.428  0.266895434
-0.424  0.275182573
-0.42  0.283727028
-0.416  0.292536789
-0.412  0.301620095
-0.408  0.310985439
-0.404  0.320641578
-0.4  0.330597541
-0.396  0.340862638
-0.392  0.351446468
-0.388  0.362358927
-0.384  0.373610219
-0.38  0.385210866
-0.376  0.397171714
-0.372  0.409503948
-0.368  0.422219099
-0.364  0.435329058
-0.36  0.448846083
-0.356  0.462782813
-0.352  0.47715228
-0.348  0.491967921
-0.344  0.50724359
-0.34  0.52299357
-0.336  0.539232589
-0.332  0.555975832
-0.328  0.573238955
-0.324  0.5910381
-0.32  0.609389911
-0.316  0.628311548
-0.3125  0.64534931
-0.3125  0.645349311
-0.3085  0.66514294
-0.3045  0.685049792
-0.3005  0.705058912
-0.2965  0.72515929
-0.2925  0.745339863
-0.2885  0.765589526
-0.2845  0.785897136
-0.2805  0.806251516
-0.2765  0.826641466
-0.2725  0.847055765
-0.2685  0.867483178
-0.2645  0.887912465
-0.2605  0.908332381
-0.2565  0.928731692
-0.2525  0.949099169
-0.2485  0.969423605
-0.2445  0.989693814
-0.2405  1.00989864
-0.2365  1.03002697
-0.2325  1.05006772
-0.2285  1.07000987
-0.2245  1.08984244
-0.2205  1.10955451
-0.2165  1.12913524
-0.2125  1.14857385
-0.2085  1.16785965
-0.2045  1.18698202
-0.2005  1.20593044
-0.1965  1.22469448
-0.1925  1.24326381
-0.1885  1.26162822
-0.1845  1.2797776
-0.1805  1.29770197
-0.1765  1.31539145
-0.1725  1.33283631
-0.1685  1.35002696
-0.1645  1.36695393
-0.1605  1.38360791
-0.1565  1.39997973
-0.1525  1.41606039
-0.1485  1.43184102
-0.1445  1.44731296
-0.1405  1.46246769
-0.1365  1.47729686
-0.1325  1.49179231
-0.1285  1.50594607
-0.1245  1.51975035
-0.1205  1.53319756
-0.1165  1.54628028
-0.1125  1.55899133
-0.1085  1.5713237
-0.1045  1.58327061
-0.1005  1.5948255
-0.0964999999  1.60598198
-0.0924999999  1.61673394
-0.0884999999  1.62707544
-0.0844999999  1.63700081
-0.0804999999  1.64650457
-0.0764999999  1.6555815
-0.0724999999  1.66422661
-0.0684999999  1.67243513
-0.0644999999  1.68020254
-0.0604999999  1.68752458
-0.0564999999  1.69439721
-0.0524999999  1.70081666
-0.0484999999  1.70677938
-0.0444999999  1.7122821
-0.0404999999  1.71732179
-0.0364999999  1.72189568
-0.0324999999  1.72600125
-0.0284999999  1.72963623
-0.0244999999  1.73279863
-0.0204999999  1.73548672
-0.0164999999  1.737699
-0.0124999999  1.73943426
-0.0084999999  1.74069156
-0.0044999999  1.74147018
-0.0004999999  1.74176972
0.0035000001  1.74158999
0.0075000001  1.74093111
0.0115000001  1.73979343
0.0155000001  1.73817758
0.0195000001  1.73608445
0.0235000001  1.73351518
0.0275000001  1.73047121
0.0315000001  1.72695419
0.0355000001  1.72296607
0.0395000001  1.71850904
0.0435000001  1.71358555
0.0475000001  1.70819831
0.0515000001  1.70235029
0.0555000001  1.6960447
0.0595000001  1.68928502
0.0635000001  1.68207497
0.0675000001  1.6744185
0.0715000001  1.66631985
0.0755000001  1.65778345
0.0795000001  1.64881402
0.0835000001  1.63941648
0.0875000001  1.62959602
0.0915000001  1.61935802
0.0955000001  1.60870813
0.0995000001  1.59765221
0.1035  1.58619634
0.1075  1.57434683
0.1115  1.56211019
0.1155  1.54949316
0.1195  1.53650269
0.1235  1.52314592
0.1275  1.50943021
0.1315  1.49536309
0.1355  1.48095232
0.1395  1.46620582
0.1435  1.45113171
0.1475  1.43573828
0.1515  1.42003401
0.1555  1.40402754
0.1595  1.38772767
0.1635  1.37114338
0.1675  1.35428379
0.1715  1.33715818
0.1755  1.31977597
0.1795  1.30214674
0.1835  1.28428018
0.1875  1.26618612
0.1915  1.24787452
0.1955  1.22935546
0.1995  1.21063914
0.2035  1.19173584
0.2075  1.17265597
0.2115  1.15341004
0.2155  1.13400863
0.2195  1.11446243
0.2235  1.09478217
0.2275  1.07497871
0.2315  1.05506293
0.2355  1.0350458
0.2395  1.01493833
0.2435  0.994751585
0.2475  0.974496676
0.2515  0.954184749
0.2555  0.933826982
0.2595  0.913434579
0.2635  0.89301876
0.2675  0.872590762
0.2715  0.852161827
0.2755  0.831743196
0.2795  0.811346106
0.2835  0.790981782
0.2875  0.770661431
0.2915  0.750396235
0.2955  0.730197347
0.2995  0.710075881
0.3035  0.690042912
0.3075  0.670109464
0.3115  0.650286506
0.3125  0.645349311
0.3125  0.64534931
0.3165  0.62591458
0.3205  0.607065128
0.3245  0.588783328
0.3285  0.571052086
0.3325  0.553854821
0.3365  0.537175452
0.3405  0.520998384
0.3445  0.505308489
0.3485  0.490091095
0.3525  0.475331975
0.3565  0.461017326
0.3605  0.447133764
0.3645  0.433668306
0.3685  0.420608361
0.3725  0.407941717
0.3765  0.39565653
0.3805  0.383741311
0.3845  0.372184921
0.3885  0.360976551
0.3925  0.350105722
0.3965  0.339562269
0.4005  0.329336333
0.4045  0.319418351
0.4085  0.30979905
0.4125  0.300469434
0.4165  0.291420781
0.4205  0.282644628
0.4245  0.274132769
0.4285  0.265877246
0.4325  0.257870338
0.4365  0.250104558
0.4405  0.242572646
0.4445  0.235267557
0.4485  0.228182461
0.4525  0.221310734
0.4565  0.214645949
0.4605  0.208181874
0.4645  0.201912466
0.4685  0.195831861
0.4725  0.189934373
0.4765  0.184214489
0.4805  0.17866686
0.4845  0.173286297
0.4885  0.168067771
0.4925  0.163006401
0.4965  0.158097454
0.5005  0.15333634
0.5045  0.148718608
0.5085  0.144239939
0.5125  0.139896145
0.5165  0.135683165
0.5205  0.131597059
0.5245  0.127634006
0.5285  0.123790301
0.5325  0.120062349
0.5365  0.116446665
0.5405  0.112939867
0.5445  0.109538677
0.5485  0.106239914
0.5525  0.103040493
0.5565  0.0999374227
0.5605  0.0969278017
0.5645  0.0940088156
0.5685  0.0911777349
0.5725  0.0884319124
0.5765  0.0857687805
0.5805  0.0831858489
0.5845  0.0806807025
0.5885  0.0782509987
0.5925  0.0758944655
0.5965  0.0736088995
0.6005  0.0713921634
0.6045  0.0692421845
0.6085  0.0671569523
0.6125  0.0651345169
0.6165  0.0631729874
0.6205  0.0612705294
0.6245  0.059425364
0.6285  0.0576357659
0.6325  0.0559000616
0.6365  0.0542166282
0.6405  0.0525838914
0.6445  0.0510003246
0.6485  0.049464447
0.6525  0.0479748225
0.6565  0.046530058
0.6605  0.0451288028
0.6645  0.0437697464
0.6685  0.042451618
0.6725  0.0411731852
0.6765  0.0399332525
0.6805  0.0387306604
0.6845  0.0375642844
0.6885  0.0364330339
0.6925  0.0353358511
0.6965  0.03427171
0.7005  0.0332396155
0.7045  0.0322386027
0.7085  0.0312677354
0.7125  0.0303261058
0.7165  0.0294128334
0.7205  0.0285270643
0.7245  0.0276679702
0.7285  0.0268347478
0.7325  0.0260266178
0.7365  0.0252428248
0.7405  0.0244826357
0.7445  0.0237453398
0.7485  0.0230302476
0.7525  0.0223366904
0.7565  0.0216640197
0.7605  0.0210116066
0.7645  0.0203788409
0.7685  0.019765131
0.7725  0.019169903
0.7765  0.0185926003
0.7805  0.0180326831
0.7845  0.0174896279
0.7885  0.0169629267
0.7925  0.0164520873
0.7965  0.0159566318
0.8005  0.0154760969
0.8045  0.0150100334
0.8085  0.0145580054
0.8125  0.0141195903
0.8165  0.013694378
0.8205  0.0132819711
0.8245  0.0128819838
0.8285  0.0124940421
0.8325  0.0121177834
0.8365  0.0117528556
0.8405  0.0113989177
0.8445  0.0110556387
0.8485  0.0107226975
0.8525  0.0103997829
0.8565  0.0100865929
0.8605  0.00978283457
0.8645  0.00948822397
0.8685  0.00920248558
0.8725  0.00892535222
0.8765  0.00865656474
0.8805  0.00839587182
0.8845  0.00814302967
0.8885  0.00789780188
0.8925  0.00765995914
0.8965  0.00742927905
0.9005  0.0072055459
0.9045  0.00698855049
0.9085  0.00677808991
0.9125  0.00657396735
0.9165  0.00637599196
0.9205  0.00618397861
0.9245  0.00599774776
0.9285  0.00581712525
0.9325  0.0056419422
0.9365  0.0054720348
0.9405  0.00530724417
0.9445  0.00514741622
0.9485  0.0049924015
0.9525  0.00484205505
0.9565  0.00469623629
0.9605  0.00455480888
0.9645  0.00441764056
0.9685  0.00428460307
0.9725  0.00415557201
0.9765  0.00403042673
0.9805  0.0039090502
0.9845  0.00379132894
0.9885  0.00367715286
0.9925  0.0035664152
0.9965  0.00345901241
1  0.00336769158
