-1.2  0.000771732442
-1.1952  0.000800185475
-1.1904  0.000829687545
-1.1856  0.000860277327
-1.1808  0.000891994926
-1.176  0.000924881921
-1.1712  0.000958981429
-1.1664  0.000994338153
-1.1616  0.00103099845
-1.1568  0.00106901037
-1.152  0.00110842375
-1.1472  0.00114929027
-1.1424  0.0011916635
-1.1376  0.00123559899
-1.1328  0.00128115433
-1.128  0.00132838926
-1.1232  0.0013773657
-1.1184  0.00142814785
-1.1136  0.00148080229
-1.1088  0.00153539805
-1.104  0.0015920067
-1.0992  0.00165070245
-1.0944  0.00171156227
-1.0896  0.00177466592
-1.0848  0.00184009615
-1.08  0.00190793873
-1.0752  0.00197828259
-1.0704  0.00205121997
-1.0656  0.00212684648
-1.0608  0.00220526127
-1.056  0.00228656713
-1.0512  0.00237087066
-1.0464  0.00245828239
-1.0416  0.0025489169
-1.0368  0.00264289301
-1.032  0.00274033394
-1.0272  0.00284136742
-1.0224  0.00294612591
-1.0176  0.00305474674
-1.0128  0.00316737231
-1.008  0.00328415029
-1.0032  0.00340523375
-0.9984  0.00353078145
-0.9936  0.00366095797
-0.9888  0.00379593397
-0.984  0.00393588641
-0.9792  0.00408099876
-0.9744  0.00423146126
-0.9696  0.00438747117
-0.9648  0.00454923302
-0.96  0.00471695887
-0.9552  0.00489086861
-0.9504  0.00507119023
-0.9456  0.00525816015
-0.9408  0.00545202346
-0.936  0.00565303432
-0.9312  0.00586145627
-0.9264  0.00607756253
-0.9216  0.00630163642
-0.9168  0.0065339717
-0.912  0.00677487296
-0.9072  0.00702465601
-0.9024  0.00728364833
-0.8976  0.00755218944
-0.8928  0.00783063141
-0.888  0.00811933927
-0.8832  0.0084186915
-0.8784  0.00872908057
-0.8736  0.00905091338
-0.8688  0.00938461186
-0.864  0.00973061348
-0.8592  0.0100893719
-0.8544  0.0104613573
-0.8496  0.0108470575
-0.8448  0.0112469781
-0.84  0.0116616434
-0.8352  0.0120915969
-0.8304  0.0125374025
-0.8256  0.0129996445
-0.8208  0.0134789289
-0.816  0.013975884
-0.8112  0.0144911614
-0.8064  0.0150254366
-0.8016  0.0155794101
-0.7968  0.0161538079
-0.792  0.0167493833
-0.7872  0.017366917
-0.7824  0.0180072185
-0.7776  0.0186711274
-0.7728  0.0193595139
-0.768  0.0200732806
-0.7632  0.0208133631
-0.7584  0.0215807318
-0.7536  0.0223763927
-0.7488  0.0232013888
-0.744  0.0240568017
-0.7392  0.0249437528
-0.7344  0.025863405
-0.7296  0.0268169639
-0.7248  0.0278056796
-0.72  0.0288308483
-0.7152  0.029893814
-0.7104  0.0309959702
-0.7056  0.0321387618
-0.7008  0.0333236871
-0.696  0.0345522994
-0.6912  0.0358262095
-0.6864  0.0371470874
-0.6816  0.0385166648
-0.6768  0.0399367372
-0.672  0.0414091664
-0.6672  0.0429358825
-0.6624  0.0445188873
-0.6576  0.0461602559
-0.6528  0.0478621402
-0.648  0.0496267713
-0.6432  0.0514564626
-0.6384  0.053353613
-0.6336  0.0553207094
-0.6288  0.0573603308
-0.624  0.0594751511
-0.6192  0.0616679428
-0.6144  0.0639415806
-0.6096  0.0662990452
-0.6048  0.0687434273
-0.6  0.0712779314
-0.5952  0.0739058802
-0.5904  0.076630719
-0.5856  0.07945602
-0.5808  0.0823854871
-0.576  0.0854229608
-0.5712  0.0885724233
-0.5664  0.0918380035
-0.5616  0.0952239824
-0.5568  0.0987347991
-0.552  0.102375056
-0.5472  0.106149526
-0.5424  0.110063157
-0.5376  0.11412108
-0.5328  0.118328615
-0.528  0.122691277
-0.5232  0.127214787
-0.5184  0.131905073
-0.5136  0.136768287
-0.5088  0.141810802
-0.504  0.14703923
-0.4992  0.152460425
-0.4944  0.158081495
-0.4896  0.163909807
-0.4848  0.169953004
-0.48  0.176219008
-0.4752  0.182716034
-0.4704  0.189452599
-0.4656  0.196437534
-0.4608  0.203679997
-0.456  0.211189483
-0.4512  0.218975836
-0.4464  0.227049265
-0.4416  0.235420353
-0.4368  0.244100075
-0.432  0.25309981
-0.4272  0.262431357
-0.4224  0.272106949
-0.4176  0.282139271
-0.4128  0.292541475
-0.408  0.303327198
-0.4032  0.31451058
-0.3984  0.326106283
-0.3936  0.338129508
-0.3888  0.350596018
-0.384  0.363522156
-0.3792  0.376924869
-0.3744  0.390821727
-0.3696  0.405230948
-0.3648  0.420171424
-0.36  0.435662741
-0.3552  0.451725207
-0.3504  0.468379882
-0.3456  0.485648598
-0.3408  0.503553995
-0.336  0.522119547
-0.3312  0.541369593
-0.3264  0.561329369
-0.3216  0.582025044
-0.3168  0.603483748
-0.312  0.625733614
-0.3072  0.648803811
-0.3024  0.672724584
-0.3  0.685013691
-0.3  0.685013692
-0.2952  0.7098943
-0.2904  0.734919659
-0.2856  0.760069049
-0.2808  0.785321646
-0.276  0.810656542
-0.2712  0.836052759
-0.2664  0.86148927
-0.2616  0.886945014
-0.2568  0.912398914
-0.252  0.937829893
-0.2472  0.963216897
-0.2424  0.988538904
-0.2376  1.01377495
-0.2328  1.03890413
-0.228  1.06390566
-0.2232  1.08875881
-0.2184  1.11344303
-0.2136  1.13793786
-0.2088  1.16222303
-0.204  1.18627842
-0.1992  1.21008413
-0.1944  1.23362044
-0.1896  1.25686787
-0.1848  1.27980715
-0.18  1.30241931
-0.1752  1.32468562
-0.1704  1.34658764
-0.1656  1.36810723
-0.1608  1.38922659
-0.156  1.40992822
-0.1512  1.43019498
-0.1464  1.45001009
-0.1416  1.46935715
-0.1368  1.48822014
-0.132  1.50658343
-0.1272  1.52443183
-0.1224  1.54175055
-0.1176  1.55852525
-0.1128  1.57474205
-0.108  1.59038752
-0.1032  1.60544871
-0.0983999999  1.61991314
-0.0935999999  1.63376884
-0.0887999999  1.64700433
-0.0839999999  1.65960866
-0.0791999999  1.67157139
-0.0743999999  1.68288261
-0.0695999999  1.69353297
-0.0647999999  1.70351363
-0.0599999999  1.71281634
-0.0551999999  1.7214334
-0.0503999999  1.72935767
-0.0455999999  1.73658259
-0.0407999999  1.74310217
-0.0359999999  1.74891103
-0.0311999999  1.75400434
-0.0263999999  1.75837789
-0.0215999999  1.76202807
-0.0167999999  1.76495184
-0.0119999999  1.76714679
-0.0071999999  1.7686111
-0.0023999999  1.76934356
0.0024000001  1.76934356
0.0072000001  1.7686111
0.0120000001  1.76714679
0.0168000001  1.76495184
0.0216000001  1.76202807
0.0264000001  1.75837789
0.0312000001  1.75400434
0.0360000001  1.74891103
0.0408000001  1.74310217
0.0456000001  1.73658259
0.0504000001  1.72935767
0.0552000001  1.7214334
0.0600000001  1.71281634
0.0648000001  1.70351363
0.0696000001  1.69353297
0.0744000001  1.68288261
0.0792000001  1.67157139
0.0840000001  1.65960866
0.0888000001  1.64700433
0.0936000001  1.63376884
0.0984000001  1.61991314
0.1032  1.60544871
0.108  1.59038752
0.1128  1.57474205
0.1176  1.55852525
0.1224  1.54175055
0.1272  1.52443182
0.132  1.50658343
0.1368  1.48822014
0.1416  1.46935715
0.1464  1.45001009
0.1512  1.43019498
0.156  1.40992822
0.1608  1.38922659
0.1656  1.36810723
0.1704  1.34658764
0.1752  1.32468562
0.18  1.30241931
0.1848  1.27980715
0.1896  1.25686786
0.1944  1.23362044
0.1992  1.21008413
0.204  1.18627842
0.2088  1.16222303
0.2136  1.13793786
0.2184  1.11344303
0.2232  1.08875881
0.228  1.06390566
0.2328  1.03890413
0.2376  1.01377495
0.2424  0.988538903
0.2472  0.963216896
0.252  0.937829892
0.2568  0.912398913
0.2616  0.886945013
0.2664  0.861489269
0.2712  0.836052758
0.276  0.810656541
0.2808  0.785321645
0.2856  0.760069048
0.2904  0.734919658
0.2952  0.709894299
0.3  0.685013692
0.3  0.685013691
0.3048  0.660655941
0.3096  0.637164305
0.3144  0.614507986
0.3192  0.592657282
0.324  0.571583546
0.3288  0.551259151
0.3336  0.531657451
0.3384  0.51275275
0.3432  0.494520263
0.348  0.476936088
0.3528  0.459977172
0.3576  0.443621281
0.3624  0.427846974
0.3672  0.412633571
0.372  0.397961127
0.3768  0.383810406
0.3816  0.370162857
0.3864  0.357000588
0.3912  0.344306344
0.396  0.332063483
0.4008  0.320255954
0.4056  0.308868277
0.4104  0.297885524
0.4152  0.287293296
0.42  0.277077707
0.4248  0.267225365
0.4296  0.257723353
0.4344  0.248559213
0.4392  0.239720933
0.444  0.231196924
0.4488  0.222976013
0.4536  0.215047421
0.4584  0.207400755
0.4632  0.200025989
0.468  0.192913455
0.4728  0.186053829
0.4776  0.179438118
0.4824  0.173057649
0.4872  0.166904057
0.492  0.160969274
0.4968  0.155245521
0.5016  0.149725293
0.5064  0.144401354
0.5112  0.139266724
0.516  0.134314671
0.5208  0.129538704
0.5256  0.12493256
0.5304  0.120490202
0.5352  0.116205806
0.54  0.112073754
0.5448  0.10808863
0.5496  0.104245209
0.5544  0.100538453
0.5592  0.0969635021
0.564  0.0935156693
0.5688  0.0901904346
0.5736  0.0869834388
0.5784  0.0838904775
0.5832  0.0809074959
0.588  0.0780305833
0.5928  0.075255968
0.5976  0.0725800127
0.6024  0.0699992091
0.6072  0.0675101739
0.612  0.0651096439
0.6168  0.062794472
0.6216  0.0605616232
0.6264  0.0584081701
0.6312  0.0563312896
0.636  0.0543282589
0.6408  0.052396452
0.6456  0.0505333365
0.6504  0.0487364697
0.6552  0.0470034959
0.66  0.0453321434
0.6648  0.0437202208
0.6696  0.0421656151
0.6744  0.0406662882
0.6792  0.0392202743
0.684  0.0378256779
0.6888  0.0364806707
0.6936  0.0351834892
0.6984  0.033932433
0.7032  0.0327258619
0.708  0.0315621942
0.7128  0.0304399041
0.7176  0.0293575206
0.7224  0.0283136244
0.7272  0.0273068472
0.732  0.026335869
0.7368  0.0253994169
0.7416  0.0244962633
0.7464  0.023625224
0.7512  0.0227851571
0.756  0.0219749614
0.7608  0.0211935747
0.7656  0.0204399725
0.7704  0.019713167
0.7752  0.0190122053
0.78  0.0183361683
0.7848  0.01768417
0.7896  0.0170553554
0.7944  0.0164489003
0.7992  0.0158640095
0.804  0.0152999163
0.8088  0.0147558811
0.8136  0.0142311908
0.8184  0.0137251574
0.8232  0.0132371176
0.828  0.0127664316
0.8328  0.0123124822
0.8376  0.0118746743
0.8424  0.0114524341
0.8472  0.0110452079
0.852  0.0106524619
0.8568  0.0102736811
0.8616  0.00990836906
0.8664  0.0095560468
0.8712  0.00921625243
0.876  0.00888854048
0.8808  0.00857248133
0.8856  0.00826766063
0.8904  0.00797367876
0.8952  0.0076901503
0.9  0.00741670357
0.9048  0.00715298007
0.9096  0.00689863406
0.9144  0.0066533321
0.9192  0.0064167526
0.924  0.0061885854
0.9288  0.00596853138
0.9336  0.00575630206
0.9384  0.00555161919
0.9432  0.00535421445
0.948  0.00516382904
0.9528  0.00498021335
0.9576  0.00480312669
0.9624  0.00463233688
0.9672  0.00446762002
0.972  0.00430876017
0.9768  0.00415554907
0.9816  0.00400778586
0.9864  0.00386527682
0.9912  0.00372783512
0.996  0.00359528058
1.0008  0.00346743942
1.0056  0.00334414404
1.0104  0.00322523281
1.0152  0.00311054982
1.02  0.00299994474
1.0248  0.00289327256
1.0296  0.00279039344
1.0344  0.0026911725
1.0392  0.00259547966
1.044  0.00250318947
1.0488  0.00241418093
1.0536  0.00232833737
1.0584  0.00224554624
1.0632  0.002165699
1.068  0.00208869097
1.0728  0.0020144212
1.0776  0.00194279231
1.0824  0.00187371041
1.0872  0.00180708492
1.092  0.00174282851
1.0968  0.00168085693
1.1016  0.00162108894
1.1064  0.00156344618
1.1112  0.00150785309
1.116  0.00145423677
1.1208  0.00140252695
1.1256  0.00135265583
1.1304  0.00130455803
1.1352  0.00125817049
1.14  0.00121343241
1.1448  0.00117028512
1.1496  0.00112867207
1.1544  0.00108853869
1.1592  0.00104983238
1.164  0.00101250239
1.1688  0.00097649978
1.1736  0.000941777354
1.1784  0.000908289589
1.1832  0.000875992585
1.188  0.000844843998
1.1928  0.000814802995
1.1976  0.000785830191
1.2  0.000771732442
