-1  0.00327626125
-0.996  0.00337926711
-0.992  0.00348551147
-0.988  0.00359509617
-0.984  0.00370812622
-0.98  0.00382470993
-0.976  0.00394495905
-0.972  0.00406898881
-0.968  0.00419691807
-0.964  0.00432886943
-0.96  0.00446496935
-0.956  0.00460534827
-0.952  0.0047501407
-0.948  0.00489948542
-0.944  0.00505352554
-0.94  0.0052124087
-0.936  0.00537628715
-0.932  0.00554531795
-0.928  0.00571966309
-0.924  0.00589948965
-0.92  0.00608496997
-0.916  0.0062762818
-0.912  0.00647360849
-0.908  0.00667713914
-0.904  0.00688706881
-0.9  0.00710359868
-0.896  0.00732693626
-0.892  0.00755729559
-0.888  0.00779489743
-0.884  0.00803996949
-0.88  0.00829274663
-0.876  0.0085534711
-0.872  0.00882239276
-0.868  0.00909976933
-0.864  0.00938586664
-0.86  0.00968095887
-0.856  0.00998532881
-0.852  0.0102992682
-0.848  0.0106230778
-0.844  0.010957068
-0.84  0.0113015589
-0.836  0.0116568806
-0.832  0.0120233737
-0.828  0.0124013893
-0.824  0.0127912897
-0.82  0.0131934487
-0.816  0.0136082515
-0.812  0.0140360958
-0.808  0.0144773915
-0.804  0.0149325616
-0.8  0.0154020422
-0.796  0.0158862834
-0.792  0.0163857491
-0.788  0.0169009181
-0.784  0.017432284
-0.78  0.0179803561
-0.776  0.0185456596
-0.772  0.0191287363
-0.768  0.019730145
-0.764  0.0203504619
-0.76  0.0209902817
-0.756  0.0216502175
-0.752  0.0223309016
-0.748  0.0230329866
-0.744  0.0237571451
-0.74  0.0245040712
-0.736  0.0252744807
-0.732  0.026069112
-0.728  0.0268887265
-0.724  0.0277341097
-0.72  0.0286060718
-0.716  0.0295054485
-0.712  0.0304331016
-0.708  0.0313899202
-0.704  0.0323768212
-0.7  0.0333947505
-0.696  0.0344446835
-0.692  0.0355276265
-0.688  0.0366446173
-0.684  0.0377967263
-0.68  0.0389850577
-0.676  0.0402107503
-0.672  0.0414749788
-0.668  0.0427789547
-0.664  0.0441239277
-0.66  0.0455111867
-0.656  0.0469420612
-0.652  0.0484179225
-0.648  0.049940185
-0.644  0.0515103075
-0.64  0.0531297948
-0.636  0.0548001988
-0.632  0.0565231204
-0.628  0.0583002108
-0.624  0.0601331731
-0.62  0.0620237638
-0.616  0.0639737947
-0.612  0.0659851348
-0.608  0.0680597115
-0.604  0.0701995131
-0.6  0.0724065901
-0.596  0.0746830578
-0.592  0.0770310977
-0.588  0.0794529602
-0.584  0.0819509662
-0.58  0.0845275096
-0.576  0.0871850597
-0.572  0.0899261634
-0.568  0.0927534476
-0.564  0.0956696217
-0.56  0.0986774805
-0.556  0.101779907
-0.552  0.104979873
-0.548  0.108280447
-0.544  0.111684791
-0.54  0.115196168
-0.536  0.118817942
-0.532  0.122553586
-0.528  0.126406678
-0.524  0.130380912
-0.52  0.134480096
-0.516  0.138708158
-0.512  0.143069151
-0.508  0.147567254
-0.504  0.152206778
-0.5  0.156992168
-0.496  0.161928012
-0.492  0.167019038
-0.488  0.172270127
-0.484  0.177686311
-0.48  0.183272779
-0.476  0.189034887
-0.472  0.194978156
-0.468  0.201108281
-0.464  0.207431138
-0.46  0.213952785
-0.456  0.220679474
-0.452  0.22761765
-0.448  0.234773963
-0.444  0.242155271
-0.44  0.249768648
-0.436  0.25762139
-0.432  0.265721022
-0.428  0.274075308
-0.424  0.282692252
-0.42  0.291580114
-0.416  0.300747411
-0.412  0.310202928
-0.408  0.319955728
-0.404  0.330015155
-0.4  0.340390852
-0.396  0.351092762
-0.392  0.36213114
-0.388  0.373516565
-0.384  0.385259949
-0.38  0.397372546
-0.376  0.409865963
-0.372  0.422752174
-0.368  0.436043529
-0.364  0.449752765
-0.36  0.463893019
-0.356  0.478477844
-0.352  0.493521218
-0.348  0.509037555
-0.344  0.525041727
-0.34  0.541549072
-0.336  0.558575408
-0.332  0.576137053
-0.328  0.594250838
-0.325  0.608208939
-0.325  0.60820894
-0.321  0.62710053
-0.317  0.646113287
-0.313  0.665237191
-0.309  0.684462162
-0.305  0.703778067
-0.301  0.723174727
-0.297  0.742641919
-0.293  0.762169381
-0.289  0.781746823
-0.285  0.801363926
-0.281  0.821010351
-0.277  0.840675744
-0.273  0.860349739
-0.269  0.880021968
-0.265  0.899682062
-0.261  0.919319659
-0.257  0.93892441
-0.253  0.958485983
-0.249  0.977994066
-0.245  0.997438378
-0.241  1.01680867
-0.237  1.03609474
-0.233  1.05528641
-0.229  1.07437358
-0.225  1.09334618
-0.221  1.11219421
-0.217  1.13090774
-0.213  1.14947691
-0.209  1.16789193
-0.205  1.18614309
-0.201  1.20422078
-0.197  1.22211546
-0.193  1.23981771
-0.189  1.2573182
-0.185  1.27460769
-0.181  1.29167709
-0.177  1.30851739
-0.173  1.32511972
-0.169  1.34147533
-0.165  1.35757559
-0.161  1.37341202
-0.157  1.38897628
-0.153  1.40426017
-0.149  1.41925562
-0.145  1.43395473
-0.141  1.44834976
-0.137  1.46243311
-0.133  1.47619738
-0.129  1.48963529
-0.125  1.50273978
-0.121  1.51550393
-0.117  1.52792102
-0.113  1.53998449
-0.109  1.55168801
-0.105  1.56302538
-0.101  1.57399065
-0.0969999999  1.58457802
-0.0929999999  1.59478193
-0.0889999999  1.60459699
-0.0849999999  1.61401803
-0.0809999999  1.62304008
-0.0769999999  1.63165839
-0.0729999999  1.63986842
-0.0689999999  1.64766584
-0.0649999999  1.65504654
-0.0609999999  1.66200663
-0.0569999999  1.66854244
-0.0529999999  1.67465053
-0.0489999999  1.68032768
-0.0449999999  1.68557089
-0.0409999999  1.69037741
-0.0369999999  1.69474469
-0.0329999999  1.69867044
-0.0289999999  1.70215259
-0.0249999999  1.7051893
-0.0209999999  1.70777898
-0.0169999999  1.70992025
-0.0129999999  1.711612
-0.0089999999  1.71285332
-0.0049999999  1.71364356
-0.0009999999  1.71398231
0.0030000001  1.71386939
0.0070000001  1.71330485
0.0110000001  1.71228901
0.0150000001  1.71082238
0.0190000001  1.70890574
0.0230000001  1.70654011
0.0270000001  1.70372673
0.0310000001  1.70046709
0.0350000001  1.69676289
0.0390000001  1.6926161
0.0430000001  1.6880289
0.0470000001  1.6830037
0.0510000001  1.67754316
0.0550000001  1.67165016
0.0590000001  1.66532779
0.0630000001  1.6585794
0.0670000001  1.65140853
0.0710000001  1.64381897
0.0750000001  1.63581472
0.0790000001  1.62739999
0.0830000001  1.61857923
0.0870000001  1.60935708
0.0910000001  1.59973839
0.0950000001  1.58972825
0.0990000001  1.57933192
0.103  1.56855489
0.107  1.55740284
0.111  1.54588164
0.115  1.53399736
0.119  1.52175627
0.123  1.50916482
0.127  1.49622965
0.131  1.48295758
0.135  1.46935559
0.139  1.45543086
0.143  1.44119073
0.147  1.4266427
0.151  1.41179444
0.155  1.39665378
0.159  1.38122869
0.163  1.36552731
0.167  1.34955791
0.171  1.3333289
0.175  1.31684885
0.179  1.30012644
0.183  1.28317047
0.187  1.26598989
0.191  1.24859375
0.195  1.23099122
0.199  1.21319159
0.203  1.19520421
0.207  1.17703859
0.211  1.1587043
0.215  1.14021098
0.219  1.12156841
0.223  1.10278639
0.227  1.08387482
0.231  1.06484369
0.235  1.04570301
0.239  1.02646287
0.243  1.00713342
0.247  0.987724834
0.251  0.968247353
0.255  0.948711238
0.259  0.929126786
0.263  0.909504319
0.267  0.889854178
0.271  0.870186721
0.275  0.850512313
0.279  0.830841323
0.283  0.81118412
0.287  0.791551062
0.291  0.771952498
0.295  0.752398758
0.299  0.732900146
0.303  0.71346694
0.307  0.694109382
0.311  0.674837674
0.315  0.655661973
0.319  0.636592387
0.323  0.617638964
0.325  0.60820894
0.325  0.608208939
0.329  0.589669688
0.333  0.571695544
0.337  0.554269284
0.341  0.537374206
0.345  0.520994118
0.349  0.505113324
0.353  0.489716604
0.357  0.474789202
0.361  0.460316813
0.365  0.446285567
0.369  0.432682018
0.373  0.419493128
0.377  0.406706258
0.381  0.394309154
0.385  0.382289935
0.389  0.370637082
0.393  0.359339428
0.397  0.348386146
0.401  0.337766739
0.405  0.327471029
0.409  0.317489151
0.413  0.307811537
0.417  0.298428914
0.421  0.289332289
0.425  0.280512944
0.429  0.271962429
0.433  0.263672547
0.437  0.255635356
0.441  0.247843152
0.445  0.240288468
0.449  0.232964063
0.453  0.225862919
0.457  0.21897823
0.461  0.212303398
0.465  0.205832026
0.469  0.199557913
0.473  0.193475046
0.477  0.187577595
0.481  0.181859908
0.485  0.176316506
0.489  0.170942077
0.493  0.165731469
0.497  0.16067969
0.501  0.155781897
0.505  0.151033398
0.509  0.146429641
0.513  0.141966214
0.517  0.137638841
0.521  0.133443373
0.525  0.12937579
0.529  0.125432194
0.533  0.121608805
0.537  0.117901961
0.541  0.114308107
0.545  0.110823799
0.549  0.1074457
0.553  0.104170571
0.557  0.100995273
0.561  0.0979167641
0.565  0.0949320932
0.569  0.0920384002
0.573  0.0892329119
0.577  0.0865129398
0.581  0.083875877
0.585  0.0813191964
0.589  0.0788404479
0.593  0.0764372558
0.597  0.0741073172
0.601  0.0718483991
0.605  0.0696583367
0.609  0.0675350311
0.613  0.0654764476
0.617  0.0634806132
0.621  0.0615456152
0.625  0.0596695993
0.629  0.0578507676
0.633  0.056087377
0.637  0.0543777376
0.641  0.0527202109
0.645  0.0511132084
0.649  0.0495551902
0.653  0.048044663
0.657  0.0465801793
0.661  0.0451603356
0.665  0.0437837711
0.669  0.0424491667
0.673  0.0411552433
0.677  0.0399007609
0.681  0.0386845173
0.685  0.0375053468
0.689  0.0363621196
0.693  0.0352537398
0.697  0.0341791453
0.701  0.0331373064
0.705  0.0321272245
0.709  0.0311479316
0.713  0.0301984892
0.717  0.0292779875
0.721  0.0283855442
0.725  0.0275203041
0.729  0.0266814381
0.733  0.0258681421
0.737  0.0250796368
0.741  0.0243151664
0.745  0.0235739984
0.749  0.0228554225
0.753  0.0221587501
0.757  0.0214833134
0.761  0.0208284651
0.765  0.0201935778
0.769  0.0195780429
0.773  0.0189812706
0.777  0.0184026889
0.781  0.0178417434
0.785  0.0172978965
0.789  0.0167706269
0.793  0.0162594295
0.797  0.0157638142
0.801  0.0152833061
0.805  0.0148174447
0.809  0.0143657836
0.813  0.0139278899
0.817  0.0135033439
0.821  0.0130917388
0.825  0.0126926802
0.829  0.0123057855
0.833  0.0119306841
0.837  0.0115670164
0.841  0.0112144339
0.845  0.0108725987
0.849  0.0105411832
0.853  0.0102198699
0.857  0.00990835073
0.861  0.00960632721
0.865  0.00931350988
0.869  0.00902961813
0.873  0.00875437988
0.877  0.00848753137
0.881  0.00822881686
0.885  0.00797798841
0.889  0.00773480564
0.893  0.0074990355
0.897  0.00727045204
0.901  0.0070488362
0.905  0.00683397558
0.909  0.00662566429
0.913  0.00642370268
0.917  0.0062278972
0.921  0.00603806022
0.925  0.00585400979
0.929  0.00567556953
0.933  0.00550256844
0.937  0.00533484072
0.941  0.00517222562
0.945  0.00501456732
0.949  0.0048617147
0.953  0.0047135213
0.957  0.00456984509
0.961  0.00443054838
0.965  0.00429549766
0.969  0.00416456353
0.973  0.00403762049
0.977  0.00391454689
0.981  0.00379522479
0.985  0.00367953983
0.989  0.00356738115
0.993  0.00345864125
0.997  0.00335321594
1  0.00327626125
