-1  0.00321005361
-0.996  0.0033121444
-0.992  0.00341748204
-0.988  0.00352616977
-0.984  0.00363831415
-0.98  0.0037540251
-0.976  0.00387341607
-0.972  0.00399660408
-0.968  0.00412370989
-0.964  0.00425485811
-0.96  0.00439017729
-0.956  0.0045298001
-0.952  0.00467386338
-0.948  0.00482250838
-0.944  0.00497588081
-0.94  0.005134131
-0.936  0.0052974141
-0.932  0.00546589017
-0.928  0.00563972435
-0.924  0.00581908707
-0.92  0.00600415414
-0.916  0.00619510698
-0.912  0.00639213278
-0.908  0.00659542468
-0.904  0.00680518196
-0.9  0.00702161025
-0.896  0.00724492171
-0.892  0.00747533525
-0.888  0.00771307673
-0.884  0.00795837921
-0.88  0.00821148316
-0.876  0.00847263668
-0.872  0.00874209579
-0.868  0.00902012464
-0.864  0.00930699575
-0.86  0.00960299037
-0.856  0.00990839863
-0.852  0.0102235199
-0.848  0.0105486632
-0.844  0.0108841471
-0.84  0.0112303006
-0.836  0.0115874629
-0.832  0.0119559843
-0.828  0.0123362259
-0.824  0.0127285604
-0.82  0.0131333726
-0.816  0.0135510592
-0.812  0.0139820297
-0.808  0.0144267066
-0.804  0.0148855257
-0.8  0.0153589368
-0.796  0.015847404
-0.792  0.0163514062
-0.788  0.0168714374
-0.784  0.0174080074
-0.78  0.0179616422
-0.776  0.0185328844
-0.772  0.0191222942
-0.768  0.0197304492
-0.764  0.0203579456
-0.76  0.0210053986
-0.756  0.0216734428
-0.752  0.0223627332
-0.748  0.0230739453
-0.744  0.0238077765
-0.74  0.024564946
-0.736  0.0253461961
-0.732  0.0261522927
-0.728  0.026984026
-0.724  0.0278422112
-0.72  0.0287276897
-0.716  0.0296413294
-0.712  0.0305840261
-0.708  0.0315567037
-0.704  0.0325603159
-0.7  0.0335958464
-0.696  0.0346643104
-0.692  0.0357667552
-0.688  0.0369042615
-0.684  0.0380779445
-0.68  0.0392889547
-0.676  0.0405384791
-0.672  0.0418277428
-0.668  0.0431580095
-0.664  0.0445305833
-0.66  0.0459468096
-0.656  0.0474080769
-0.652  0.0489158175
-0.648  0.0504715094
-0.644  0.0520766777
-0.64  0.053732896
-0.636  0.0554417877
-0.632  0.057205028
-0.628  0.0590243455
-0.624  0.0609015235
-0.62  0.0628384023
-0.616  0.0648368806
-0.612  0.0668989173
-0.608  0.069026534
-0.604  0.0712218162
-0.6  0.0734869159
-0.596  0.0758240537
-0.592  0.0782355205
-0.588  0.0807236802
-0.584  0.0832909721
-0.58  0.0859399127
-0.576  0.0886730988
-0.572  0.0914932096
-0.568  0.0944030097
-0.564  0.0974053514
-0.56  0.100503178
-0.556  0.103699526
-0.552  0.106997529
-0.548  0.11040042
-0.544  0.113911535
-0.54  0.117534315
-0.536  0.121272313
-0.532  0.125129191
-0.528  0.129108731
-0.524  0.133214835
-0.52  0.137451527
-0.516  0.14182296
-0.512  0.14633342
-0.508  0.150987328
-0.504  0.155789247
-0.5  0.160743883
-0.496  0.165856094
-0.492  0.17113089
-0.488  0.176573444
-0.484  0.182189089
-0.48  0.187983332
-0.476  0.193961851
-0.472  0.200130508
-0.468  0.206495349
-0.464  0.213062614
-0.46  0.219838741
-0.456  0.226830373
-0.452  0.234044362
-0.448  0.241487781
-0.444  0.249167927
-0.44  0.257092327
-0.436  0.265268751
-0.432  0.273705214
-0.428  0.282409985
-0.424  0.291391598
-0.42  0.300658857
-0.416  0.310220847
-0.412  0.320086942
-0.408  0.330266812
-0.404  0.340770438
-0.4  0.351608114
-0.396  0.362790467
-0.392  0.374328457
-0.388  0.386233395
-0.384  0.398516951
-0.38  0.411191166
-0.376  0.424268466
-0.372  0.437761668
-0.368  0.451684001
-0.364  0.466049113
-0.36  0.480871084
-0.356  0.496164446
-0.352  0.511944189
-0.348  0.528225782
-0.344  0.545025187
-0.34  0.56235887
-0.3375  0.573471263
-0.3375  0.573471264
-0.3335  0.59149221
-0.3295  0.609640265
-0.3255  0.627906264
-0.3215  0.646280978
-0.3175  0.664755128
-0.3135  0.683319381
-0.3095  0.701964359
-0.3055  0.720680646
-0.3015  0.739458788
-0.2975  0.758289298
-0.2935  0.777162666
-0.2895  0.796069358
-0.2855  0.814999825
-0.2815  0.833944503
-0.2775  0.852893825
-0.2735  0.871838217
-0.2695  0.890768112
-0.2655  0.909673946
-0.2615  0.928546172
-0.2575  0.947375255
-0.2535  0.966151685
-0.2495  0.984865977
-0.2455  1.00350868
-0.2415  1.02207038
-0.2375  1.04054169
-0.2335  1.05891329
-0.2295  1.07717589
-0.2255  1.09532028
-0.2215  1.11333729
-0.2175  1.13121781
-0.2135  1.14895282
-0.2095  1.16653336
-0.2055  1.18395054
-0.2015  1.20119557
-0.1975  1.21825974
-0.1935  1.23513442
-0.1895  1.25181111
-0.1855  1.26828136
-0.1815  1.28453686
-0.1775  1.30056941
-0.1735  1.3163709
-0.1695  1.33193335
-0.1655  1.3472489
-0.1615  1.36230981
-0.1575  1.37710848
-0.1535  1.39163743
-0.1495  1.40588932
-0.1455  1.41985696
-0.1415  1.43353329
-0.1375  1.44691139
-0.1335  1.45998452
-0.1295  1.47274607
-0.1255  1.48518959
-0.1215  1.4973088
-0.1175  1.50909757
-0.1135  1.52054996
-0.1095  1.53166017
-0.1055  1.5424226
-0.1015  1.5528318
-0.0974999999  1.56288253
-0.0934999999  1.5725697
-0.0894999999  1.58188842
-0.0854999999  1.59083399
-0.0814999999  1.59940187
-0.0774999999  1.60758776
-0.0734999999  1.61538751
-0.0694999999  1.62279718
-0.0654999999  1.62981303
-0.0614999999  1.63643152
-0.0574999999  1.6426493
-0.0534999999  1.64846323
-0.0494999999  1.65387038
-0.0454999999  1.65886801
-0.0414999999  1.6634536
-0.0374999999  1.66762483
-0.0334999999  1.6713796
-0.0294999999  1.67471602
-0.0254999999  1.67763238
-0.0214999999  1.68012723
-0.0174999999  1.6821993
-0.0134999999  1.68384754
-0.0094999999  1.68507113
-0.0054999999  1.68586944
-0.0014999999  1.68624207
0.0025000001  1.68618883
0.0065000001  1.68570976
0.0105000001  1.68480508
0.0145000001  1.68347526
0.0185000001  1.68172098
0.0225000001  1.67954311
0.0265000001  1.67694275
0.0305000001  1.67392123
0.0345000001  1.67048006
0.0385000001  1.66662099
0.0425000001  1.66234596
0.0465000001  1.65765713
0.0505000001  1.65255688
0.0545000001  1.64704777
0.0585000001  1.64113259
0.0625000001  1.63481433
0.0665000001  1.62809619
0.0705000001  1.62098154
0.0745000001  1.61347399
0.0785000001  1.60557733
0.0825000001  1.59729555
0.0865000001  1.58863283
0.0905000001  1.57959354
0.0945000001  1.57018226
0.0985000001  1.56040374
0.1025  1.55026291
0.1065  1.5397649
0.1105  1.52891501
0.1145  1.51771872
0.1185  1.50618168
0.1225  1.49430974
0.1265  1.48210887
0.1305  1.46958525
0.1345  1.45674519
0.1385  1.4435952
0.1425  1.4301419
0.1465  1.41639209
0.1505  1.40235272
0.1545  1.38803088
0.1585  1.37343381
0.1625  1.35856887
0.1665  1.34344358
0.1705  1.32806558
0.1745  1.31244263
0.1785  1.29658262
0.1825  1.28049357
0.1865  1.26418361
0.1905  1.24766096
0.1945  1.23093398
0.1985  1.21401112
0.2025  1.19690093
0.2065  1.17961204
0.2105  1.16215319
0.2145  1.1445332
0.2185  1.12676097
0.2225  1.10884548
0.2265  1.09079577
0.2305  1.07262097
0.2345  1.05433024
0.2385  1.03593284
0.2425  1.01743806
0.2465  0.998855231
0.2505  0.980193746
0.2545  0.961463032
0.2585  0.942672548
0.2625  0.923831787
0.2665  0.904950265
0.2705  0.886037519
0.2745  0.867103104
0.2785  0.848156582
0.2825  0.829207524
0.2865  0.810265501
0.2905  0.791340082
0.2945  0.772440826
0.2985  0.75357728
0.3025  0.734758971
0.3065  0.715995405
0.3105  0.69729606
0.3145  0.678670381
0.3185  0.660127777
0.3225  0.641677613
0.3265  0.62332921
0.3305  0.605091834
0.3345  0.586974699
0.3375  0.573471264
0.3375  0.573471263
0.3415  0.55579506
0.3455  0.538663694
0.3495  0.522060371
0.3535  0.505968815
0.3575  0.490373252
0.3615  0.475258393
0.3655  0.460609423
0.3695  0.44641198
0.3735  0.432652147
0.3775  0.419316436
0.3815  0.406391774
0.3855  0.393865491
0.3895  0.381725308
0.3935  0.369959324
0.3975  0.358556004
0.4015  0.347504171
0.4055  0.336792991
0.4095  0.326411963
0.4135  0.316350911
0.4175  0.306599973
0.4215  0.29714959
0.4255  0.287990497
0.4295  0.279113717
0.4335  0.270510547
0.4375  0.262172555
0.4415  0.254091565
0.4455  0.246259657
0.4495  0.238669154
0.4535  0.231312614
0.4575  0.224182826
0.4615  0.2172728
0.4655  0.210575764
0.4695  0.204085151
0.4735  0.197794599
0.4775  0.191697943
0.4815  0.185789204
0.4855  0.180062592
0.4895  0.174512492
0.4935  0.169133464
0.4975  0.163920234
0.5015  0.158867693
0.5055  0.153970887
0.5095  0.149225016
0.5135  0.144625428
0.5175  0.140167613
0.5215  0.135847203
0.5255  0.131659962
0.5295  0.127601784
0.5335  0.123668693
0.5375  0.119856831
0.5415  0.116162464
0.5455  0.112581968
0.5495  0.109111835
0.5535  0.105748662
0.5575  0.102489153
0.5615  0.0993301126
0.5655  0.0962684436
0.5695  0.0933011449
0.5735  0.0904253078
0.5775  0.0876381131
0.5815  0.0849368286
0.5855  0.0823188062
0.5895  0.0797814796
0.5935  0.0773223614
0.5975  0.0749390411
0.6015  0.0726291822
0.6055  0.0703905205
0.6095  0.0682208615
0.6135  0.0661180782
0.6175  0.0640801094
0.6215  0.0621049573
0.6255  0.0601906856
0.6295  0.0583354178
0.6335  0.0565373353
0.6375  0.0547946753
0.6415  0.0531057297
0.6455  0.0514688427
0.6495  0.0498824098
0.6535  0.0483448758
0.6575  0.0468547334
0.6615  0.045410522
0.6655  0.0440108257
0.6695  0.0426542725
0.6735  0.0413395326
0.6775  0.0400653171
0.6815  0.038830377
0.6855  0.0376335017
0.6895  0.0364735178
0.6935  0.0353492883
0.6975  0.0342597112
0.7015  0.0332037183
0.7055  0.0321802744
0.7095  0.0311883763
0.7135  0.0302270517
0.7175  0.0292953581
0.7215  0.0283923823
0.7255  0.027517239
0.7295  0.0266690705
0.7335  0.0258470451
0.7375  0.0250503573
0.7415  0.0242782258
0.7455  0.0235298939
0.7495  0.022804628
0.7535  0.022101717
0.7575  0.021420472
0.7615  0.0207602252
0.7655  0.0201203292
0.7695  0.0195001569
0.7735  0.0188991002
0.7775  0.01831657
0.7815  0.0177519953
0.7855  0.0172048225
0.7895  0.0166745153
0.7935  0.0161605539
0.7975  0.0156624344
0.8015  0.0151796685
0.8055  0.014711783
0.8095  0.0142583192
0.8135  0.0138188325
0.8175  0.0133928923
0.8215  0.0129800809
0.8255  0.0125799937
0.8295  0.0121922384
0.8335  0.0118164349
0.8375  0.0114522149
0.8415  0.0110992214
0.8455  0.0107571082
0.8495  0.01042554
0.8535  0.0101041918
0.8575  0.00979274855
0.8615  0.00949090499
0.8655  0.00919836521
0.8695  0.00891484243
0.8735  0.00864005872
0.8775  0.00837374471
0.8815  0.00811563935
0.8855  0.00786548961
0.8895  0.00762305028
0.8935  0.0073880837
0.8975  0.00716035954
0.9015  0.00693965455
0.9055  0.0067257524
0.9095  0.00651844338
0.9135  0.00631752429
0.9175  0.00612279816
0.9215  0.00593407411
0.9255  0.00575116713
0.9295  0.00557389792
0.9335  0.00540209271
0.9375  0.00523558309
0.9415  0.00507420582
0.9455  0.0049178027
0.9495  0.00476622043
0.9535  0.00461931041
0.9575  0.00447692861
0.9615  0.00433893548
0.9655  0.00420519573
0.9695  0.00407557826
0.9735  0.00394995602
0.9775  0.00382820585
0.9815  0.00371020841
0.9855  0.00359584802
0.9895  0.00348501258
0.9935  0.00337759345
0.9975  0.00327348531
1  0.00321005361
