-1.2  0.000625641028
-1.1952  0.00065031315
-1.1904  0.000675958216
-1.1856  0.000702614595
-1.1808  0.000730322166
-1.176  0.000759122383
-1.1712  0.000789058336
-1.1664  0.000820174812
-1.1616  0.000852518364
-1.1568  0.000886137383
-1.152  0.000921082166
-1.1472  0.000957404994
-1.1424  0.000995160212
-1.1376  0.0010344043
-1.1328  0.00107519599
-1.128  0.00111759629
-1.1232  0.00116166864
-1.1184  0.00120747898
-1.1136  0.00125509586
-1.1088  0.0013045905
-1.104  0.00135603696
-1.0992  0.00140951221
-1.0944  0.00146509625
-1.0896  0.00152287225
-1.0848  0.00158292664
-1.08  0.00164534927
-1.0752  0.00171023353
-1.0704  0.00177767651
-1.0656  0.00184777909
-1.0608  0.00192064616
-1.056  0.00199638675
-1.0512  0.00207511416
-1.0464  0.00215694618
-1.0416  0.00224200524
-1.0368  0.00233041861
-1.032  0.00242231855
-1.0272  0.00251784256
-1.0224  0.00261713355
-1.0176  0.00272034008
-1.0128  0.00282761656
-1.008  0.00293912347
-1.0032  0.00305502766
-0.9984  0.00317550252
-0.9936  0.0033007283
-0.9888  0.00343089235
-0.984  0.00356618942
-0.9792  0.00370682192
-0.9744  0.00385300026
-0.9696  0.00400494313
-0.9648  0.00416287786
-0.96  0.00432704073
-0.9552  0.00449767737
-0.9504  0.00467504305
-0.9456  0.00485940313
-0.9408  0.00505103345
-0.936  0.0052502207
-0.9312  0.00545726289
-0.9264  0.00567246977
-0.9216  0.00589616333
-0.9168  0.00612867823
-0.912  0.00637036235
-0.9072  0.00662157727
-0.9024  0.00688269883
-0.8976  0.00715411772
-0.8928  0.00743623999
-0.888  0.00772948773
-0.8832  0.00803429969
-0.8784  0.0083511319
-0.8736  0.00868045836
-0.8688  0.0090227718
-0.864  0.00937858435
-0.8592  0.00974842835
-0.8544  0.0101328571
-0.8496  0.0105324458
-0.8448  0.0109477923
-0.84  0.0113795179
-0.8352  0.0118282687
-0.8304  0.0122947158
-0.8256  0.0127795573
-0.8208  0.0132835185
-0.816  0.0138073534
-0.8112  0.0143518457
-0.8064  0.01491781
-0.8016  0.0155060931
-0.7968  0.0161175751
-0.792  0.0167531708
-0.7872  0.0174138313
-0.7824  0.0181005449
-0.7776  0.0188143389
-0.7728  0.0195562814
-0.768  0.0203274824
-0.7632  0.0211290956
-0.7584  0.0219623205
-0.7536  0.0228284035
-0.7488  0.0237286404
-0.744  0.0246643781
-0.7392  0.0256370166
-0.7344  0.0266480111
-0.7296  0.0276988741
-0.7248  0.0287911778
-0.72  0.0299265564
-0.7152  0.0311067086
-0.7104  0.0323334001
-0.7056  0.0336084661
-0.7008  0.0349338143
-0.696  0.0363114275
-0.6912  0.0377433668
-0.6864  0.0392317746
-0.6816  0.0407788776
-0.6768  0.0423869906
-0.672  0.0440585194
-0.6672  0.0457959649
-0.6624  0.0476019265
-0.6576  0.0494791061
-0.6528  0.0514303121
-0.648  0.0534584639
-0.6432  0.0555665957
-0.6384  0.0577578616
-0.6336  0.0600355399
-0.6288  0.0624030384
-0.624  0.0648638991
-0.6192  0.0674218037
-0.6144  0.0700805791
-0.6096  0.0728442032
-0.6048  0.0757168107
-0.6  0.0787026993
-0.5952  0.0818063362
-0.5904  0.085032365
-0.5856  0.088385612
-0.5808  0.0918710941
-0.576  0.0954940261
-0.5712  0.0992598282
-0.5664  0.103174134
-0.5616  0.107242801
-0.5568  0.111471916
-0.552  0.115867805
-0.5472  0.120437046
-0.5424  0.125186475
-0.5376  0.130123197
-0.5328  0.135254599
-0.528  0.140588357
-0.5232  0.146132452
-0.5184  0.151895178
-0.5136  0.157885157
-0.5088  0.16411135
-0.504  0.170583073
-0.4992  0.177310007
-0.4944  0.184302219
-0.4896  0.191570167
-0.4848  0.199124727
-0.48  0.206977201
-0.4752  0.215139336
-0.4704  0.223623345
-0.4656  0.23244192
-0.4608  0.241608256
-0.456  0.251136065
-0.4512  0.261039603
-0.4464  0.271333687
-0.4416  0.282033717
-0.4368  0.293155702
-0.432  0.304716283
-0.4272  0.316732754
-0.4224  0.329223094
-0.4176  0.34220599
-0.4128  0.355700866
-0.408  0.369727912
-0.4032  0.384308113
-0.3984  0.399463284
-0.3936  0.415216099
-0.3888  0.431590125
-0.384  0.448609859
-0.3792  0.466300766
-0.375  0.482351662
-0.375  0.482351663
-0.3702  0.501108551
-0.3654  0.520059083
-0.3606  0.539191076
-0.3558  0.55849223
-0.351  0.577950134
-0.3462  0.59755228
-0.3414  0.617286064
-0.3366  0.637138799
-0.3318  0.657097721
-0.327  0.677149998
-0.3222  0.697282738
-0.3174  0.717482996
-0.3126  0.737737786
-0.3078  0.758034085
-0.303  0.778358844
-0.2982  0.798698996
-0.2934  0.819041463
-0.2886  0.839373167
-0.2838  0.859681036
-0.279  0.879952014
-0.2742  0.900173067
-0.2694  0.920331194
-0.2646  0.940413437
-0.2598  0.960406883
-0.255  0.980298678
-0.2502  1.00007603
-0.2454  1.01972623
-0.2406  1.03923664
-0.2358  1.05859472
-0.231  1.07778802
-0.2262  1.0968042
-0.2214  1.11563103
-0.2166  1.13425642
-0.2118  1.15266838
-0.207  1.17085508
-0.2022  1.18880483
-0.1974  1.20650608
-0.1926  1.22394746
-0.1878  1.24111775
-0.183  1.25800591
-0.1782  1.27460108
-0.1734  1.2908926
-0.1686  1.30686999
-0.1638  1.32252298
-0.159  1.3378415
-0.1542  1.35281571
-0.1494  1.36743598
-0.1446  1.3816929
-0.1398  1.39557732
-0.135  1.4090803
-0.1302  1.42219317
-0.1254  1.43490749
-0.1206  1.44721509
-0.1158  1.45910806
-0.111  1.47057874
-0.1062  1.48161978
-0.1014  1.49222405
-0.0965999999  1.50238476
-0.0917999999  1.51209536
-0.0869999999  1.52134962
-0.0821999999  1.53014158
-0.0773999999  1.53846559
-0.0725999999  1.5463163
-0.0677999999  1.55368866
-0.0629999999  1.56057793
-0.0581999999  1.56697968
-0.0533999999  1.5728898
-0.0485999999  1.57830449
-0.0437999999  1.58322026
-0.0389999999  1.58763396
-0.0341999999  1.59154274
-0.0293999999  1.5949441
-0.0245999999  1.59783584
-0.0197999999  1.60021612
-0.0149999999  1.60208339
-0.0101999999  1.60343646
-0.0053999999  1.60427445
-0.0005999999  1.60459683
0.0042000001  1.6044034
0.0090000001  1.60369427
0.0138000001  1.6024699
0.0186000001  1.60073108
0.0234000001  1.59847893
0.0282000001  1.59571489
0.0330000001  1.59244074
0.0378000001  1.58865859
0.0426000001  1.58437087
0.0474000001  1.57958033
0.0522000001  1.57429006
0.0570000001  1.56850346
0.0618000001  1.56222424
0.0666000001  1.55545644
0.0714000001  1.54820442
0.0762000001  1.54047284
0.0810000001  1.53226667
0.0858000001  1.52359118
0.0906000001  1.51445195
0.0954000001  1.50485486
0.1002  1.49480607
0.105  1.48431206
0.1098  1.47337956
0.1146  1.46201561
0.1194  1.45022751
0.1242  1.43802283
0.129  1.42540944
0.1338  1.41239543
0.1386  1.39898917
0.1434  1.38519928
0.1482  1.37103463
0.153  1.35650433
0.1578  1.34161771
0.1626  1.32638435
0.1674  1.31081405
0.1722  1.2949168
0.177  1.27870284
0.1818  1.26218259
0.1866  1.24536666
0.1914  1.22826588
0.1962  1.21089123
0.201  1.19325389
0.2058  1.17536519
0.2106  1.15723663
0.2154  1.13887988
0.2202  1.12030673
0.225  1.10152913
0.2298  1.08255915
0.2346  1.06340898
0.2394  1.04409093
0.2442  1.02461743
0.249  1.005001
0.2538  0.985254242
0.2586  0.965389861
0.2634  0.945420626
0.2682  0.925359374
0.273  0.905219004
0.2778  0.885012465
0.2826  0.864752748
0.2874  0.844452879
0.2922  0.824125908
0.297  0.803784906
0.3018  0.783442949
0.3066  0.763113116
0.3114  0.742808478
0.3162  0.722542088
0.321  0.702326978
0.3258  0.682176143
0.3306  0.66210254
0.3354  0.642119074
0.3402  0.622238593
0.345  0.602473878
0.3498  0.582837638
0.3546  0.563342497
0.3594  0.544000988
0.3642  0.524825547
0.369  0.505828503
0.3738  0.487022068
0.375  0.482351663
0.375  0.482351662
0.3798  0.464051803
0.3846  0.446446219
0.3894  0.42950857
0.3942  0.413213516
0.399  0.397536677
0.4038  0.382454599
0.4086  0.367944718
0.4134  0.353985324
0.4182  0.340555534
0.423  0.327635254
0.4278  0.315205155
0.4326  0.303246639
0.4374  0.291741815
0.4422  0.280673471
0.447  0.270025047
0.4518  0.259780612
0.4566  0.249924838
0.4614  0.240442982
0.4662  0.231320855
0.471  0.222544812
0.4758  0.214101721
0.4806  0.205978952
0.4854  0.198164351
0.4902  0.190646226
0.495  0.183413331
0.4998  0.176454843
0.5046  0.169760352
0.5094  0.163319842
0.5142  0.157123678
0.519  0.151162589
0.5238  0.145427657
0.5286  0.139910301
0.5334  0.134602267
0.5382  0.129495614
0.543  0.124582702
0.5478  0.11985618
0.5526  0.115308976
0.5574  0.110934288
0.5622  0.10672557
0.567  0.102676527
0.5718  0.0987810991
0.5766  0.0950334594
0.5814  0.0914280008
0.5862  0.0879593291
0.591  0.0846222548
0.5958  0.0814117851
0.6006  0.078323117
0.6054  0.0753516293
0.6102  0.0724928764
0.615  0.0697425812
0.6198  0.067096629
0.6246  0.0645510612
0.6294  0.0621020692
0.6342  0.0597459892
0.639  0.057479296
0.6438  0.0552985986
0.6486  0.0532006343
0.6534  0.0511822642
0.6582  0.0492404688
0.663  0.0473723429
0.6678  0.0455750915
0.6726  0.0438460257
0.6774  0.0421825586
0.6822  0.0405822015
0.687  0.0390425601
0.6918  0.0375613309
0.6966  0.0361362979
0.7014  0.0347653289
0.7062  0.0334463729
0.711  0.0321774565
0.7158  0.0309566813
0.7206  0.0297822209
0.7254  0.0286523182
0.7302  0.0275652827
0.735  0.026519488
0.7398  0.0255133696
0.7446  0.0245454221
0.7494  0.0236141974
0.7542  0.0227183023
0.759  0.0218563964
0.7638  0.0210271902
0.7686  0.0202294432
0.7734  0.0194619617
0.7782  0.0187235976
0.783  0.0180132461
0.7878  0.0173298446
0.7926  0.0166723705
0.7974  0.0160398402
0.8022  0.0154313074
0.807  0.0148458616
0.8118  0.0142826269
0.8166  0.0137407607
0.8214  0.0132194523
0.8262  0.0127179217
0.831  0.0122354185
0.8358  0.011771221
0.8406  0.0113246346
0.8454  0.0108949912
0.8502  0.010481648
0.855  0.0100839865
0.8598  0.00970141178
0.8646  0.00933335153
0.8694  0.00897925506
0.8742  0.0086385926
0.879  0.00831085447
0.8838  0.00799555035
0.8886  0.0076922085
0.8934  0.00740037508
0.8982  0.00711961348
0.903  0.00684950365
0.9078  0.00658964147
0.9126  0.00633963816
0.9174  0.00609911968
0.9222  0.0058677262
0.927  0.00564511151
0.9318  0.00543094257
0.9366  0.00522489894
0.9414  0.00502667237
0.9462  0.00483596628
0.951  0.00465249536
0.9558  0.00447598512
0.9606  0.00430617146
0.9654  0.00414280034
0.9702  0.00398562733
0.975  0.00383441728
0.9798  0.00368894396
0.9846  0.00354898973
0.9894  0.0034143452
0.9942  0.00328480892
0.999  0.0031601871
1.0038  0.00304029329
1.0086  0.00292494811
1.0134  0.00281397899
1.0182  0.00270721991
1.023  0.00260451114
1.0278  0.00250569903
1.0326  0.00241063573
1.0374  0.00231917902
1.0422  0.00223119208
1.047  0.00214654325
1.0518  0.00206510591
1.0566  0.0019867582
1.0614  0.00191138291
1.0662  0.00183886727
1.071  0.00176910279
1.0758  0.00170198509
1.0806  0.00163741377
1.0854  0.0015752922
1.0902  0.00151552745
1.095  0.00145803011
1.0998  0.00140271414
1.1046  0.00134949681
1.1094  0.00129829847
1.1142  0.00124904254
1.119  0.00120165532
1.1238  0.00115606592
1.1286  0.00111220613
1.1334  0.00107001033
1.1382  0.00102941538
1.143  0.000990360565
1.1478  0.00095278744
1.1526  0.000916639796
1.1574  0.000881863551
1.1622  0.000848406677
1.167  0.000816219117
1.1718  0.000785252716
1.1766  0.000755461144
1.1814  0.000726799829
1.1862  0.000699225892
1.191  0.000672698077
1.1958  0.000647176697
1.2  0.000625641028
