-1.2  0.000650902364
-1.1952  0.000676088403
-1.1904  0.000702248991
-1.1856  0.000729421838
-1.1808  0.000757646113
-1.176  0.000786962498
-1.1712  0.000817413253
-1.1664  0.00084904227
-1.1616  0.000881895142
-1.1568  0.000916019224
-1.152  0.000951463704
-1.1472  0.000988279674
-1.1424  0.0010265202
-1.1376  0.00106624041
-1.1328  0.00110749756
-1.128  0.00115035111
-1.1232  0.00119486283
-1.1184  0.0012410969
-1.1136  0.00128911994
-1.1088  0.0013390012
-1.104  0.00139081256
-1.0992  0.00144462871
-1.0944  0.00150052722
-1.0896  0.00155858867
-1.0848  0.00161889676
-1.08  0.00168153841
-1.0752  0.00174660391
-1.0704  0.00181418707
-1.0656  0.00188438529
-1.0608  0.00195729976
-1.056  0.00203303558
-1.0512  0.00211170193
-1.0464  0.0021934122
-1.0416  0.00227828417
-1.0368  0.00236644018
-1.032  0.0024580073
-1.0272  0.00255311752
-1.0224  0.00265190794
-1.0176  0.00275452096
-1.0128  0.00286110449
-1.008  0.00297181217
-1.0032  0.00308680358
-0.9984  0.00320624446
-0.9936  0.003330307
-0.9888  0.00345917002
-0.984  0.00359301926
-0.9792  0.00373204768
-0.9744  0.00387645566
-0.9696  0.00402645138
-0.9648  0.00418225103
-0.96  0.0043440792
-0.9552  0.00451216915
-0.9504  0.00468676318
-0.9456  0.00486811296
-0.9408  0.0050564799
-0.936  0.00525213551
-0.9312  0.00545536183
-0.9264  0.00566645179
-0.9216  0.00588570968
-0.9168  0.00611345154
-0.912  0.00635000565
-0.9072  0.00659571299
-0.9024  0.00685092774
-0.8976  0.00711601778
-0.8928  0.00739136522
-0.888  0.00767736697
-0.8832  0.00797443528
-0.8784  0.00828299836
-0.8736  0.00860350099
-0.8688  0.00893640516
-0.864  0.00928219074
-0.8592  0.00964135616
-0.8544  0.0100144191
-0.8496  0.0104019174
-0.8448  0.0108044096
-0.84  0.0112224758
-0.8352  0.0116567187
-0.8304  0.0121077641
-0.8256  0.0125762624
-0.8208  0.0130628887
-0.816  0.0135683446
-0.8112  0.0140933586
-0.8064  0.0146386875
-0.8016  0.0152051174
-0.7968  0.0157934648
-0.792  0.0164045777
-0.7872  0.017039337
-0.7824  0.0176986577
-0.7776  0.0183834902
-0.7728  0.0190948216
-0.768  0.0198336773
-0.7632  0.0206011223
-0.7584  0.0213982629
-0.7536  0.022226248
-0.7488  0.0230862712
-0.744  0.0239795722
-0.7392  0.0249074386
-0.7344  0.025871208
-0.7296  0.0268722694
-0.7248  0.0279120659
-0.72  0.0289920964
-0.7152  0.0301139176
-0.7104  0.0312791466
-0.7056  0.032489463
-0.7008  0.0337466114
-0.696  0.035052404
-0.6912  0.036408723
-0.6864  0.0378175234
-0.6816  0.039280836
-0.6768  0.04080077
-0.672  0.0423795165
-0.6672  0.044019351
-0.6624  0.0457226373
-0.6576  0.0474918306
-0.6528  0.0493294812
-0.648  0.0512382379
-0.6432  0.0532208521
-0.6384  0.0552801816
-0.6336  0.0574191949
-0.6288  0.0596409753
-0.624  0.0619487253
-0.6192  0.0643457714
-0.6144  0.066835569
-0.6096  0.0694217069
-0.6048  0.0721079128
-0.6  0.074898059
-0.5952  0.0777961671
-0.5904  0.0808064148
-0.5856  0.083933141
-0.5808  0.087180853
-0.576  0.090554232
-0.5712  0.0940581406
-0.5664  0.0976976296
-0.5616  0.101477945
-0.5568  0.105404536
-0.552  0.109483063
-0.5472  0.113719405
-0.5424  0.118119667
-0.5376  0.122690194
-0.5328  0.127437573
-0.528  0.132368647
-0.5232  0.137490524
-0.5184  0.142810587
-0.5136  0.148336505
-0.5088  0.154076243
-0.504  0.160038074
-0.4992  0.166230593
-0.4944  0.172662726
-0.4896  0.179343743
-0.4848  0.186283276
-0.48  0.193491328
-0.4752  0.200978288
-0.4704  0.208754949
-0.4656  0.216832521
-0.4608  0.225222646
-0.456  0.233937419
-0.4512  0.242989402
-0.4464  0.252391642
-0.4416  0.262157694
-0.4368  0.272301633
-0.432  0.282838082
-0.4272  0.293782228
-0.4224  0.305149848
-0.4176  0.316957327
-0.4128  0.329221685
-0.408  0.341960601
-0.4032  0.355192436
-0.3984  0.368936265
-0.3936  0.383211898
-0.3888  0.398039913
-0.384  0.413441683
-0.3792  0.42943941
-0.3744  0.446056154
-0.3696  0.463315867
-0.3648  0.481243427
-0.36  0.499864677
-0.3552  0.519206459
-0.3504  0.539296652
-0.35  0.541005516
-0.35  0.541005517
-0.3452  0.561642541
-0.3404  0.582466321
-0.3356  0.603462332
-0.3308  0.624615927
-0.326  0.64591235
-0.3212  0.667336746
-0.3164  0.688874169
-0.3116  0.710509595
-0.3068  0.732227933
-0.302  0.754014031
-0.2972  0.775852693
-0.2924  0.797728685
-0.2876  0.819626746
-0.2828  0.841531601
-0.278  0.86342797
-0.2732  0.885300579
-0.2684  0.90713417
-0.2636  0.928913512
-0.2588  0.950623412
-0.254  0.972248728
-0.2492  0.993774372
-0.2444  1.01518533
-0.2396  1.03646667
-0.2348  1.05760354
-0.23  1.07858119
-0.2252  1.099385
-0.2204  1.12000046
-0.2156  1.14041317
-0.2108  1.16060891
-0.206  1.18057359
-0.2012  1.20029327
-0.1964  1.2197542
-0.1916  1.23894281
-0.1868  1.25784571
-0.182  1.27644972
-0.1772  1.29474185
-0.1724  1.31270935
-0.1676  1.33033968
-0.1628  1.34762055
-0.158  1.3645399
-0.1532  1.38108593
-0.1484  1.39724709
-0.1436  1.41301212
-0.1388  1.42837001
-0.134  1.44331005
-0.1292  1.45782182
-0.1244  1.4718952
-0.1196  1.48552037
-0.1148  1.49868783
-0.11  1.51138839
-0.1052  1.52361318
-0.1004  1.53535369
-0.0955999999  1.54660173
-0.0907999999  1.55734944
-0.0859999999  1.56758932
-0.0811999999  1.57731425
-0.0763999999  1.58651743
-0.0715999999  1.59519244
-0.0667999999  1.60333323
-0.0619999999  1.61093413
-0.0571999999  1.61798983
-0.0523999999  1.6244954
-0.0475999999  1.63044632
-0.0427999999  1.63583842
-0.0379999999  1.64066795
-0.0331999999  1.64493154
-0.0283999999  1.64862622
-0.0235999999  1.6517494
-0.0187999999  1.65429891
-0.0139999999  1.65627298
-0.0091999999  1.65767021
-0.0043999999  1.65848965
0.0004000001  1.65873071
0.0052000001  1.65839323
0.0100000001  1.65747744
0.0148000001  1.65598399
0.0196000001  1.65391391
0.0244000001  1.65126866
0.0292000001  1.64805006
0.0340000001  1.64426038
0.0388000001  1.63990224
0.0436000001  1.63497871
0.0484000001  1.6294932
0.0532000001  1.62344954
0.0580000001  1.61685195
0.0628000001  1.60970504
0.0676000001  1.60201378
0.0724000001  1.59378355
0.0772000001  1.58502008
0.0820000001  1.57572948
0.0868000001  1.56591825
0.0916000001  1.55559322
0.0964000001  1.54476159
0.1012  1.53343092
0.106  1.52160912
0.1108  1.50930443
0.1156  1.49652543
0.1204  1.48328104
0.1252  1.4695805
0.13  1.45543337
0.1348  1.4408495
0.1396  1.42583909
0.1444  1.41041259
0.1492  1.39458077
0.154  1.37835467
0.1588  1.36174562
0.1636  1.34476519
0.1684  1.32742523
0.1732  1.30973784
0.178  1.29171536
0.1828  1.27337036
0.1876  1.25471563
0.1924  1.23576419
0.1972  1.21652926
0.202  1.19702425
0.2068  1.17726278
0.2116  1.15725862
0.2164  1.13702574
0.2212  1.11657824
0.226  1.09593039
0.2308  1.07509659
0.2356  1.05409138
0.2404  1.03292941
0.2452  1.01162544
0.25  0.990194324
0.2548  0.968651023
0.2596  0.94701056
0.2644  0.925288033
0.2692  0.903498593
0.274  0.881657441
0.2788  0.859779812
0.2836  0.837880968
0.2884  0.815976184
0.2932  0.79408074
0.298  0.772209911
0.3028  0.750378952
0.3076  0.728603093
0.3124  0.706897524
0.3172  0.685277385
0.322  0.663757759
0.3268  0.642353656
0.3316  0.621080009
0.3364  0.599951656
0.3412  0.578983336
0.346  0.558189676
0.35  0.541005517
0.35  0.541005516
0.3548  0.520851663
0.3596  0.501448594
0.3644  0.482768339
0.3692  0.464783971
0.374  0.447469568
0.3788  0.430800171
0.3836  0.414751752
0.3884  0.399301178
0.3932  0.384426178
0.398  0.37010531
0.4028  0.356317931
0.4076  0.343044168
0.4124  0.330264887
0.4172  0.317961667
0.422  0.306116774
0.4268  0.294713133
0.4316  0.283734308
0.4364  0.273164472
0.4412  0.26298839
0.446  0.253191393
0.4508  0.24375936
0.4556  0.234678694
0.4604  0.225936307
0.4652  0.217519596
0.47  0.209416429
0.4748  0.201615126
0.4796  0.194104442
0.4844  0.186873551
0.4892  0.179912028
0.494  0.17320984
0.4988  0.166757327
0.5036  0.160545186
0.5084  0.154564463
0.5132  0.148806537
0.518  0.143263109
0.5228  0.137926189
0.5276  0.132788082
0.5324  0.127841383
0.5372  0.123078961
0.542  0.118493952
0.5468  0.114079746
0.5516  0.109829981
0.5564  0.105738531
0.5612  0.101799497
0.566  0.0980072032
0.5708  0.0943561818
0.5756  0.0908411703
0.5804  0.0874571021
0.5852  0.0841990992
0.59  0.0810624653
0.5948  0.0780426791
0.5996  0.0751353877
0.6044  0.0723364005
0.6092  0.0696416828
0.614  0.0670473502
0.6188  0.0645496633
0.6236  0.0621450216
0.6284  0.0598299591
0.6332  0.0576011386
0.638  0.0554553474
0.6428  0.0533894925
0.6476  0.051400596
0.6524  0.0494857911
0.6572  0.0476423175
0.662  0.0458675182
0.6668  0.0441588347
0.6716  0.042513804
0.6764  0.040930055
0.6812  0.0394053048
0.686  0.0379373554
0.6908  0.0365240909
0.6956  0.0351634742
0.7004  0.033853544
0.7052  0.0325924121
0.71  0.0313782605
0.7148  0.0302093393
0.7196  0.0290839634
0.7244  0.0280005106
0.7292  0.0269574193
0.734  0.0259531858
0.7388  0.0249863626
0.7436  0.0240555561
0.7484  0.0231594245
0.7532  0.0222966761
0.758  0.0214660673
0.7628  0.0206664009
0.7676  0.0198965241
0.7724  0.0191553272
0.7772  0.0184417418
0.782  0.0177547393
0.7868  0.0170933294
0.7916  0.0164565587
0.7964  0.0158435094
0.8012  0.0152532978
0.806  0.014685073
0.8108  0.0141380161
0.8156  0.0136113385
0.8204  0.013104281
0.8252  0.0126161127
0.83  0.0121461299
0.8348  0.0116936552
0.8396  0.0112580363
0.8444  0.0108386454
0.8492  0.0104348779
0.854  0.0100461517
0.8588  0.00967190663
0.8636  0.00931160313
0.8684  0.00896472187
0.8732  0.00863076282
0.878  0.00830924462
0.8828  0.0079997038
0.8876  0.00770169417
0.8924  0.00741478617
0.8972  0.00713856624
0.902  0.00687263621
0.9068  0.00661661276
0.9116  0.00637012685
0.9164  0.00613282317
0.9212  0.00590435967
0.926  0.00568440702
0.9308  0.00547264818
0.9356  0.0052687779
0.9404  0.00507250232
0.9452  0.00488353851
0.95  0.00470161409
0.9548  0.00452646682
0.9596  0.00435784424
0.9644  0.00419550329
0.9692  0.00403920995
0.974  0.00388873895
0.9788  0.00374387338
0.9836  0.00360440443
0.9884  0.00347013106
0.9932  0.00334085971
0.998  0.00321640406
1.0028  0.0030965847
1.0076  0.00298122892
1.0124  0.00287017045
1.0172  0.00276324919
1.022  0.00266031102
1.0268  0.00256120756
1.0316  0.00246579597
1.0364  0.0023739387
1.0412  0.00228550335
1.046  0.00220036245
1.0508  0.00211839326
1.0556  0.00203947764
1.0604  0.00196350183
1.0652  0.00189035632
1.07  0.00181993567
1.0748  0.00175213836
1.0796  0.00168686668
1.0844  0.00162402654
1.0892  0.00156352736
1.094  0.00150528193
1.0988  0.00144920629
1.1036  0.00139521961
1.1084  0.00134324408
1.1132  0.00129320477
1.118  0.00124502955
1.1228  0.00119864898
1.1276  0.00115399621
1.1324  0.00111100687
1.1372  0.001069619
1.142  0.00102977293
1.1468  0.000991411227
1.1516  0.000954478598
1.1564  0.000918921805
1.1612  0.000884689595
1.166  0.000851732623
1.1708  0.000820003383
1.1756  0.000789456139
1.1804  0.000760046859
1.1852  0.000731733151
1.19  0.000704474201
1.1948  0.000678230718
1.1996  0.000652964872
1.2  0.000650902364
