-1.2  0.00061635304
-1.1952  0.000641059834
-1.1904  0.00066675701
-1.1856  0.000693484269
-1.1808  0.000721282903
-1.176  0.000750195858
-1.1712  0.000780267802
-1.1664  0.000811545193
-1.1616  0.000844076353
-1.1568  0.000877911539
-1.152  0.000913103024
-1.1472  0.000949705176
-1.1424  0.000987774542
-1.1376  0.00102736994
-1.1328  0.00106855253
-1.128  0.00111138595
-1.1232  0.00115593636
-1.1184  0.0012022726
-1.1136  0.00125046624
-1.1088  0.00130059175
-1.104  0.00135272657
-1.0992  0.00140695123
-1.0944  0.00146334951
-1.0896  0.00152200855
-1.0848  0.00158301896
-1.08  0.00164647499
-1.0752  0.0017124747
-1.0704  0.00178112003
-1.0656  0.00185251704
-1.0608  0.00192677603
-1.056  0.00200401173
-1.0512  0.00208434345
-1.0464  0.00216789531
-1.0416  0.00225479639
-1.0368  0.00234518093
-1.032  0.00243918858
-1.0272  0.00253696457
-1.0224  0.00263865995
-1.0176  0.00274443184
-1.0128  0.00285444365
-1.008  0.00296886532
-1.0032  0.00308787365
-0.9984  0.00321165247
-0.9936  0.00334039303
-0.9888  0.00347429421
-0.984  0.00361356288
-0.9792  0.0037584142
-0.9744  0.00390907195
-0.9696  0.00406576889
-0.9648  0.00422874709
-0.96  0.00439825835
-0.9552  0.00457456455
-0.9504  0.00475793806
-0.9456  0.00494866218
-0.9408  0.00514703156
-0.936  0.00535335267
-0.9312  0.00556794426
-0.9264  0.00579113785
-0.9216  0.00602327826
-0.9168  0.00626472412
-0.912  0.00651584845
-0.9072  0.00677703921
-0.9024  0.00704869993
-0.8976  0.00733125028
-0.8928  0.0076251268
-0.888  0.00793078349
-0.8832  0.00824869257
-0.8784  0.00857934518
-0.8736  0.00892325216
-0.8688  0.0092809448
-0.864  0.00965297571
-0.8592  0.0100399197
-0.8544  0.0104423744
-0.8496  0.0108609618
-0.8448  0.0112963284
-0.84  0.0117491469
-0.8352  0.0122201168
-0.8304  0.0127099658
-0.8256  0.0132194505
-0.8208  0.0137493583
-0.816  0.0143005076
-0.8112  0.0148737499
-0.8064  0.015469971
-0.8016  0.0160900919
-0.7968  0.0167350705
-0.792  0.0174059035
-0.7872  0.0181036271
-0.7824  0.0188293193
-0.7776  0.0195841011
-0.7728  0.0203691388
-0.768  0.021185645
-0.7632  0.0220348813
-0.7584  0.0229181595
-0.7536  0.0238368444
-0.7488  0.0247923552
-0.744  0.0257861681
-0.7392  0.0268198185
-0.7344  0.0278949031
-0.7296  0.0290130831
-0.7248  0.0301760858
-0.72  0.031385708
-0.7152  0.0326438184
-0.7104  0.0339523608
-0.7056  0.0353133567
-0.7008  0.0367289087
-0.696  0.0382012038
-0.6912  0.0397325165
-0.6864  0.0413252126
-0.6816  0.0429817526
-0.6768  0.0447046958
-0.672  0.046496704
-0.6672  0.0483605456
-0.6624  0.0502991002
-0.6576  0.0523153626
-0.6528  0.0544124478
-0.648  0.0565935956
-0.6432  0.0588621758
-0.6384  0.061221693
-0.6336  0.0636757925
-0.6288  0.0662282658
-0.624  0.0688830561
-0.6192  0.0716442648
-0.6144  0.0745161579
-0.6096  0.0775031722
-0.6048  0.0806099222
-0.6  0.0838412078
-0.5952  0.0872020209
-0.5904  0.0906975538
-0.5856  0.0943332067
-0.5808  0.0981145964
-0.576  0.102047565
-0.5712  0.106138188
-0.5664  0.110392786
-0.5616  0.114817931
-0.5568  0.11942046
-0.552  0.124207484
-0.5472  0.129186398
-0.5424  0.134364894
-0.5376  0.139750972
-0.5328  0.145352953
-0.528  0.151179493
-0.5232  0.157239592
-0.5184  0.163542613
-0.5136  0.170098293
-0.5088  0.176916761
-0.504  0.18400855
-0.4992  0.191384617
-0.4944  0.199056357
-0.4896  0.207035622
-0.4848  0.215334739
-0.48  0.223966531
-0.4752  0.232944331
-0.4704  0.242282011
-0.4656  0.251993997
-0.4608  0.262095291
-0.456  0.272601501
-0.4512  0.283528856
-0.4464  0.29489424
-0.4416  0.30671521
-0.4368  0.31901003
-0.432  0.331797693
-0.4272  0.345097955
-0.4224  0.358931364
-0.4176  0.373319292
-0.4128  0.388283966
-0.408  0.403848506
-0.4032  0.420036958
-0.4  0.431188186
-0.4  0.431188187
-0.3952  0.448235906
-0.3904  0.465478418
-0.3856  0.482905477
-0.3808  0.50050673
-0.376  0.518271718
-0.3712  0.536189886
-0.3664  0.554250589
-0.3616  0.572443095
-0.3568  0.590756597
-0.352  0.609180212
-0.3472  0.627702995
-0.3424  0.64631394
-0.3376  0.66500199
-0.3328  0.683756041
-0.328  0.702564951
-0.3232  0.721417544
-0.3184  0.74030262
-0.3136  0.759208957
-0.3088  0.778125322
-0.304  0.797040477
-0.2992  0.815943184
-0.2944  0.83482221
-0.2896  0.85366634
-0.2848  0.872464376
-0.28  0.891205151
-0.2752  0.90987753
-0.2704  0.928470418
-0.2656  0.946972768
-0.2608  0.965373588
-0.256  0.983661945
-0.2512  1.00182697
-0.2464  1.01985788
-0.2416  1.03774395
-0.2368  1.05547456
-0.232  1.07303917
-0.2272  1.09042735
-0.2224  1.10762876
-0.2176  1.12463319
-0.2128  1.14143054
-0.208  1.15801082
-0.2032  1.17436418
-0.1984  1.1904809
-0.1936  1.20635142
-0.1888  1.2219663
-0.184  1.23731626
-0.1792  1.25239218
-0.1744  1.26718511
-0.1696  1.28168625
-0.1648  1.295887
-0.16  1.30977891
-0.1552  1.32335373
-0.1504  1.33660339
-0.1456  1.34952002
-0.1408  1.36209596
-0.136  1.37432371
-0.1312  1.38619603
-0.1264  1.39770586
-0.1216  1.40884635
-0.1168  1.41961089
-0.112  1.42999309
-0.1072  1.43998677
-0.1024  1.44958599
-0.0975999999  1.45878506
-0.0927999999  1.46757851
-0.0879999999  1.47596112
-0.0831999999  1.48392789
-0.0783999999  1.49147411
-0.0735999999  1.49859528
-0.0687999999  1.50528717
-0.0639999999  1.51154582
-0.0591999999  1.51736749
-0.0543999999  1.52274874
-0.0495999999  1.52768636
-0.0447999999  1.53217743
-0.0399999999  1.53621926
-0.0351999999  1.53980947
-0.0303999999  1.54294591
-0.0255999999  1.54562673
-0.0207999999  1.54785033
-0.0159999999  1.54961539
-0.0111999999  1.55092086
-0.0063999999  1.55176596
-0.0015999999  1.55215021
0.0032000001  1.55207335
0.0080000001  1.55153545
0.0128000001  1.55053682
0.0176000001  1.54907805
0.0224000001  1.54716002
0.0272000001  1.54478385
0.0320000001  1.54195097
0.0368000001  1.53866305
0.0416000001  1.53492205
0.0464000001  1.53073019
0.0512000001  1.52608997
0.0560000001  1.52100413
0.0608000001  1.51547571
0.0656000001  1.50950798
0.0704000001  1.50310449
0.0752000001  1.49626905
0.0800000001  1.48900571
0.0848000001  1.4813188
0.0896000001  1.47321288
0.0944000001  1.46469276
0.0992000001  1.45576351
0.104  1.44643044
0.1088  1.43669908
0.1136  1.42657522
0.1184  1.41606488
0.1232  1.4051743
0.128  1.39390995
0.1328  1.38227852
0.1376  1.37028693
0.1424  1.3579423
0.1472  1.34525196
0.152  1.33222345
0.1568  1.31886452
0.1616  1.3051831
0.1664  1.29118732
0.1712  1.27688549
0.176  1.26228612
0.1808  1.24739788
0.1856  1.2322296
0.1904  1.21679032
0.1952  1.20108919
0.2  1.18513555
0.2048  1.16893887
0.2096  1.15250879
0.2144  1.13585505
0.2192  1.11898756
0.224  1.10191634
0.2288  1.08465153
0.2336  1.06720339
0.2384  1.04958228
0.2432  1.03179867
0.248  1.01386314
0.2528  0.995786333
0.2576  0.977578993
0.2624  0.959251938
0.2672  0.940816057
0.272  0.922282303
0.2768  0.903661688
0.2816  0.884965276
0.2864  0.866204175
0.2912  0.847389531
0.296  0.828532524
0.3008  0.809644358
0.3056  0.790736253
0.3104  0.771819446
0.3152  0.752905174
0.32  0.734004677
0.3248  0.715129183
0.3296  0.696289908
0.3344  0.677498044
0.3392  0.658764757
0.344  0.640101177
0.3488  0.621518393
0.3536  0.603027446
0.3584  0.584639322
0.3632  0.566364947
0.368  0.548215177
0.3728  0.530200798
0.3776  0.512332511
0.3824  0.494620934
0.3872  0.477076589
0.392  0.4597099
0.3968  0.442531186
0.4  0.431188187
0.4  0.431188186
0.4048  0.41456996
0.4096  0.398592209
0.4144  0.383230249
0.4192  0.368460348
0.424  0.354259686
0.4288  0.340606326
0.4336  0.327479174
0.4384  0.314857949
0.4432  0.302723153
0.448  0.291056039
0.4528  0.279838582
0.4576  0.269053451
0.4624  0.258683985
0.4672  0.248714164
0.472  0.239128586
0.4768  0.22991244
0.4816  0.22105149
0.4864  0.212532046
0.4912  0.204340946
0.496  0.196465535
0.5008  0.188893647
0.5056  0.181613584
0.5104  0.174614098
0.5152  0.167884376
0.52  0.161414021
0.5248  0.155193037
0.5296  0.149211814
0.5344  0.143461109
0.5392  0.137932041
0.544  0.132616065
0.5488  0.12750497
0.5536  0.122590859
0.5584  0.117866141
0.5632  0.113323516
0.568  0.108955967
0.5728  0.104756745
0.5776  0.100719363
0.5824  0.0968375841
0.5872  0.0931054112
0.592  0.0895170782
0.5968  0.0860670415
0.6016  0.0827499711
0.6064  0.0795607424
0.6112  0.0764944283
0.616  0.0735462916
0.6208  0.0707117777
0.6256  0.0679865074
0.6304  0.0653662706
0.6352  0.0628470191
0.64  0.060424861
0.6448  0.0580960541
0.6496  0.0558570007
0.6544  0.0537042416
0.6592  0.0516344511
0.664  0.0496444314
0.6688  0.0477311081
0.6736  0.0458915253
0.6784  0.0441228411
0.6832  0.0424223229
0.688  0.0407873436
0.6928  0.0392153773
0.6976  0.0377039954
0.7024  0.036250863
0.7072  0.0348537351
0.712  0.0335104532
0.7168  0.0322189422
0.7216  0.0309772067
0.7264  0.0297833284
0.7312  0.0286354628
0.736  0.0275318365
0.7408  0.0264707446
0.7456  0.0254505478
0.7504  0.0244696699
0.7552  0.0235265956
0.76  0.0226198678
0.7648  0.0217480859
0.7696  0.0209099029
0.7744  0.0201040239
0.7792  0.0193292039
0.784  0.0185842459
0.7888  0.017867999
0.7936  0.0171793567
0.7984  0.0165172549
0.8032  0.015880671
0.808  0.0152686213
0.8128  0.0146801604
0.8176  0.0141143791
0.8224  0.0135704032
0.8272  0.0130473925
0.832  0.012544539
0.8368  0.0120610656
0.8416  0.0115962256
0.8464  0.0111493008
0.8512  0.0107196007
0.856  0.0103064615
0.8608  0.0099092449
0.8656  0.00952733723
0.8704  0.0091601485
0.8752  0.00880711141
0.88  0.00846768057
0.8848  0.00814133157
0.8896  0.00782756024
0.8944  0.00752588183
0.8992  0.00723583027
0.904  0.00695695745
0.9088  0.00668883254
0.9136  0.00643104131
0.9184  0.00618318549
0.9232  0.00594488218
0.928  0.0057157632
0.9328  0.00549547459
0.9376  0.00528367602
0.9424  0.00508004028
0.9472  0.00488425278
0.952  0.00469601103
0.9568  0.00451502422
0.9616  0.00434101274
0.9664  0.00417370776
0.9712  0.0040128508
0.976  0.00385819336
0.9808  0.0037094965
0.9856  0.00356653049
0.9904  0.00342907447
0.9952  0.00329691609
1  0.00316985115
1.0048  0.00304768337
1.0096  0.00293022401
1.0144  0.00281729159
1.0192  0.00270871164
1.024  0.00260431643
1.0288  0.00250394466
1.0336  0.00240744128
1.0384  0.00231465719
1.0432  0.00222544904
1.048  0.00213967903
1.0528  0.00205721464
1.0576  0.00197792848
1.0624  0.00190169804
1.0672  0.00182840557
1.072  0.00175793783
1.0768  0.00169018595
1.0816  0.00162504527
1.0864  0.00156241515
1.0912  0.00150219882
1.096  0.00144430326
1.1008  0.00138863903
1.1056  0.00133512013
1.1104  0.00128366388
1.1152  0.00123419078
1.12  0.0011866244
1.1248  0.00114089125
1.1296  0.00109692068
1.1344  0.00105464477
1.1392  0.00101399818
1.144  0.000974918145
1.1488  0.000937344272
1.1536  0.000901218516
1.1584  0.000866485066
1.1632  0.000833090262
1.168  0.000800982512
1.1728  0.000770112212
1.1776  0.00074043167
1.1824  0.000711895033
1.1872  0.000684458213
1.192  0.000658078822
1.1968  0.000632716108
1.2  0.00061635304
