-1.2  0.0006202361
-1.1952  0.000645454547
-1.1904  0.000671698362
-1.1856  0.000699009236
-1.1808  0.000727430554
-1.176  0.000757007466
-1.1712  0.00078778696
-1.1664  0.000819817929
-1.1616  0.00085315126
-1.1568  0.000887839905
-1.152  0.000923938971
-1.1472  0.000961505804
-1.1424  0.00100060008
-1.1376  0.00104128391
-1.1328  0.00108362193
-1.128  0.00112768138
-1.1232  0.00117353226
-1.1184  0.00122124742
-1.1136  0.00127090264
-1.1088  0.00132257682
-1.104  0.00137635204
-1.0992  0.00143231373
-1.0944  0.00149055079
-1.0896  0.00155115574
-1.0848  0.00161422485
-1.08  0.00167985832
-1.0752  0.0017481604
-1.0704  0.00181923961
-1.0656  0.00189320886
-1.0608  0.00197018565
-1.056  0.00205029228
-1.0512  0.002133656
-1.0464  0.00222040924
-1.0416  0.00231068982
-1.0368  0.00240464115
-1.032  0.00250241249
-1.0272  0.00260415916
-1.0224  0.00271004279
-1.0176  0.00282023159
-1.0128  0.00293490061
-1.008  0.003054232
-1.0032  0.00317841533
-0.9984  0.00330764789
-0.9936  0.00344213498
-0.9888  0.00358209023
-0.984  0.00372773598
-0.9792  0.0038793036
-0.9744  0.00403703388
-0.9696  0.00420117739
-0.9648  0.00437199487
-0.96  0.00454975769
-0.9552  0.00473474826
-0.9504  0.00492726043
-0.9456  0.00512760004
-0.9408  0.00533608534
-0.936  0.00555304753
-0.9312  0.00577883129
-0.9264  0.00601379528
-0.9216  0.00625831278
-0.9168  0.00651277222
-0.912  0.00677757783
-0.9072  0.0070531503
-0.9024  0.00733992738
-0.8976  0.00763836465
-0.8928  0.00794893621
-0.888  0.00827213544
-0.8832  0.00860847576
-0.8784  0.00895849149
-0.8736  0.00932273867
-0.8688  0.00970179592
-0.864  0.0100962654
-0.8592  0.0105067738
-0.8544  0.0109339733
-0.8496  0.0113785424
-0.8448  0.0118411875
-0.84  0.0123226434
-0.8352  0.0128236751
-0.8304  0.0133450785
-0.8256  0.0138876818
-0.8208  0.014452347
-0.816  0.0150399712
-0.8112  0.0156514879
-0.8064  0.0162878685
-0.8016  0.016950124
-0.7968  0.0176393064
-0.792  0.0183565105
-0.7872  0.0191028758
-0.7824  0.0198795879
-0.7776  0.0206878806
-0.7728  0.0215290381
-0.768  0.0224043965
-0.7632  0.0233153466
-0.7584  0.0242633353
-0.7536  0.0252498687
-0.7488  0.026276514
-0.744  0.0273449021
-0.7392  0.0284567303
-0.7344  0.0296137648
-0.7296  0.0308178436
-0.7248  0.0320708796
-0.72  0.0333748633
-0.7152  0.0347318663
-0.7104  0.0361440443
-0.7056  0.0376136405
-0.7008  0.0391429898
-0.696  0.0407345215
-0.6912  0.042390764
-0.6864  0.0441143483
-0.6816  0.0459080127
-0.6768  0.0477746063
-0.672  0.0497170947
-0.6672  0.0517385635
-0.6624  0.0538422241
-0.6576  0.0560314183
-0.6528  0.0583096239
-0.648  0.06068046
-0.6432  0.063147693
-0.6384  0.0657152423
-0.6336  0.0683871867
-0.6288  0.0711677708
-0.624  0.0740614119
-0.6192  0.0770727068
-0.6144  0.0802064393
-0.6096  0.0834675875
-0.6048  0.0868613322
-0.6  0.0903930645
-0.5952  0.0940683951
-0.5904  0.0978931626
-0.5856  0.101873443
-0.5808  0.106015559
-0.576  0.110326092
-0.5712  0.114811888
-0.5664  0.119480074
-0.5616  0.124338066
-0.5568  0.129393581
-0.552  0.13465465
-0.5472  0.140129632
-0.5424  0.145827223
-0.5376  0.151756475
-0.5328  0.157926807
-0.528  0.164348021
-0.5232  0.171030318
-0.5184  0.177984313
-0.5136  0.185221054
-0.5088  0.192752037
-0.504  0.200589225
-0.4992  0.208745069
-0.4944  0.217232525
-0.4896  0.226065076
-0.4848  0.235256754
-0.48  0.244822159
-0.4752  0.254776489
-0.4704  0.265135556
-0.4656  0.275915817
-0.4608  0.287134398
-0.456  0.298809119
-0.4512  0.310958528
-0.4464  0.323601925
-0.4416  0.336759395
-0.4368  0.350451841
-0.432  0.364701013
-0.4272  0.379529549
-0.425  0.386526001
-0.425  0.386526001
-0.4202  0.402029707
-0.4154  0.417725454
-0.4106  0.433604602
-0.4058  0.449658408
-0.401  0.465878038
-0.3962  0.48225456
-0.3914  0.498778962
-0.3866  0.515442145
-0.3818  0.532234938
-0.377  0.549148097
-0.3722  0.566172311
-0.3674  0.583298209
-0.3626  0.600516363
-0.3578  0.617817295
-0.353  0.635191481
-0.3482  0.652629357
-0.3434  0.670121325
-0.3386  0.687657754
-0.3338  0.705228991
-0.329  0.722825365
-0.3242  0.740437188
-0.3194  0.758054766
-0.3146  0.7756684
-0.3098  0.793268395
-0.305  0.810845061
-0.3002  0.828388724
-0.2954  0.845889727
-0.2906  0.863338434
-0.2858  0.880725241
-0.281  0.898040578
-0.2762  0.915274911
-0.2714  0.932418755
-0.2666  0.949462671
-0.2618  0.966397278
-0.257  0.983213252
-0.2522  0.999901339
-0.2474  1.01645235
-0.2426  1.03285718
-0.2378  1.04910678
-0.233  1.06519223
-0.2282  1.08110466
-0.2234  1.09683532
-0.2186  1.11237554
-0.2138  1.12771677
-0.209  1.14285056
-0.2042  1.15776859
-0.1994  1.17246264
-0.1946  1.18692463
-0.1898  1.20114659
-0.185  1.21512069
-0.1802  1.22883924
-0.1754  1.2422947
-0.1706  1.25547964
-0.1658  1.26838682
-0.161  1.28100913
-0.1562  1.29333962
-0.1514  1.3053715
-0.1466  1.31709816
-0.1418  1.32851313
-0.137  1.33961012
-0.1322  1.35038305
-0.1274  1.36082596
-0.1226  1.37093312
-0.1178  1.38069895
-0.113  1.39011809
-0.1082  1.39918535
-0.1034  1.40789574
-0.0985999999  1.41624446
-0.0937999999  1.42422692
-0.0889999999  1.43183872
-0.0841999999  1.43907567
-0.0793999999  1.44593379
-0.0745999999  1.4524093
-0.0697999999  1.45849865
-0.0649999999  1.46419847
-0.0601999999  1.46950562
-0.0553999999  1.4744172
-0.0505999999  1.47893049
-0.0457999999  1.48304301
-0.0409999999  1.48675249
-0.0361999999  1.4900569
-0.0313999999  1.49295442
-0.0265999999  1.49544344
-0.0217999999  1.4975226
-0.0169999999  1.49919076
-0.0121999999  1.50044699
-0.0073999999  1.50129061
-0.0025999999  1.50172115
0.0022000001  1.50173838
0.0070000001  1.50134227
0.0118000001  1.50053306
0.0166000001  1.49931119
0.0214000001  1.49767733
0.0262000001  1.49563238
0.0310000001  1.49317746
0.0358000001  1.49031393
0.0406000001  1.48704336
0.0454000001  1.48336756
0.0502000001  1.47928854
0.0550000001  1.47480856
0.0598000001  1.46993007
0.0646000001  1.46465577
0.0694000001  1.45898855
0.0742000001  1.45293155
0.0790000001  1.44648808
0.0838000001  1.4396617
0.0886000001  1.43245617
0.0934000001  1.42487545
0.0982000001  1.41692372
0.103  1.40860535
0.1078  1.39992492
0.1126  1.39088721
0.1174  1.3814972
0.1222  1.37176005
0.127  1.36168112
0.1318  1.35126597
0.1366  1.34052033
0.1414  1.3294501
0.1462  1.3180614
0.151  1.30636047
0.1558  1.29435377
0.1606  1.28204791
0.1654  1.26944966
0.1702  1.25656595
0.175  1.24340387
0.1798  1.22997068
0.1846  1.21627377
0.1894  1.20232067
0.1942  1.18811907
0.199  1.17367678
0.2038  1.15900176
0.2086  1.14410209
0.2134  1.12898595
0.2182  1.11366169
0.223  1.09813773
0.2278  1.08242261
0.2326  1.066525
0.2374  1.05045363
0.2422  1.03421736
0.247  1.01782513
0.2518  1.00128595
0.2566  0.984608937
0.2614  0.967803267
0.2662  0.950878191
0.271  0.933843027
0.2758  0.916707151
0.2806  0.899479997
0.2854  0.882171047
0.2902  0.86478983
0.295  0.847345915
0.2998  0.829848903
0.3046  0.812308426
0.3094  0.794734141
0.3142  0.77713572
0.319  0.759522852
0.3238  0.741905233
0.3286  0.72429256
0.3334  0.706694529
0.3382  0.689120827
0.343  0.671581128
0.3478  0.654085087
0.3526  0.636642336
0.3574  0.619262477
0.3622  0.601955076
0.367  0.584729661
0.3718  0.567595715
0.3766  0.550562668
0.3814  0.533639898
0.3862  0.516836721
0.391  0.500162385
0.3958  0.48362607
0.4006  0.467236878
0.4054  0.451003833
0.4102  0.434935868
0.415  0.419041831
0.4198  0.403330469
0.4246  0.387810432
0.425  0.386526001
0.425  0.386526001
0.4298  0.371424108
0.4346  0.356912258
0.4394  0.342967399
0.4442  0.329567377
0.449  0.316690905
0.4538  0.304317527
0.4586  0.292427587
0.4634  0.281002198
0.4682  0.270023208
0.473  0.259473176
0.4778  0.249335343
0.4826  0.239593603
0.4874  0.230232481
0.4922  0.221237106
0.497  0.212593188
0.5018  0.204286995
0.5066  0.196305332
0.5114  0.188635519
0.5162  0.181265372
0.521  0.174183183
0.5258  0.167377701
0.5306  0.160838114
0.5354  0.154554035
0.5402  0.14851548
0.545  0.142712857
0.5498  0.137136946
0.5546  0.131778892
0.5594  0.12663018
0.5642  0.121682634
0.569  0.116928392
0.5738  0.112359902
0.5786  0.107969907
0.5834  0.103751433
0.5882  0.0996977778
0.593  0.0958025025
0.5978  0.0920594189
0.6026  0.0884625806
0.6074  0.0850062739
0.6122  0.0816850079
0.617  0.0784935066
0.6218  0.0754266998
0.6266  0.0724797158
0.6314  0.0696478729
0.6362  0.0669266724
0.641  0.0643117916
0.6458  0.0617990763
0.6506  0.0593845348
0.6554  0.0570643316
0.6602  0.0548347806
0.665  0.05269234
0.6698  0.0506336063
0.6746  0.0486553091
0.6794  0.0467543056
0.6842  0.0449275759
0.689  0.0431722181
0.6938  0.0414854436
0.6986  0.0398645727
0.7034  0.0383070306
0.7082  0.036810343
0.713  0.0353721322
0.7178  0.0339901135
0.7226  0.0326620915
0.7274  0.0313859563
0.7322  0.0301596808
0.737  0.028981317
0.7418  0.0278489928
0.7466  0.0267609094
0.7514  0.0257153384
0.7562  0.0247106187
0.761  0.0237451542
0.7658  0.0228174112
0.7706  0.0219259159
0.7754  0.0210692521
0.7802  0.0202460589
0.785  0.0194550285
0.7898  0.0186949043
0.7946  0.0179644788
0.7994  0.0172625917
0.8042  0.0165881278
0.809  0.0159400158
0.8138  0.0153172261
0.8186  0.0147187693
0.8234  0.0141436947
0.8282  0.0135910888
0.833  0.0130600736
0.8378  0.0125498057
0.8426  0.0120594743
0.8474  0.0115883006
0.8522  0.011135536
0.857  0.0107004614
0.8618  0.0102823854
0.8666  0.00988064404
0.8714  0.00949459904
0.8762  0.00912363714
0.881  0.00876716903
0.8858  0.00842462843
0.8906  0.00809547118
0.8954  0.00777917437
0.9002  0.00747523554
0.905  0.00718317186
0.9098  0.00690251935
0.9146  0.00663283216
0.9194  0.00637368188
0.9242  0.00612465682
0.929  0.00588536137
0.9338  0.0056554154
0.9386  0.0054344536
0.9434  0.00522212497
0.9482  0.0050180922
0.953  0.00482203115
0.9578  0.00463363037
0.9626  0.00445259057
0.9674  0.00427862415
0.9722  0.00411145474
0.977  0.00395081677
0.9818  0.00379645507
0.9866  0.0036481244
0.9914  0.00350558914
0.9962  0.00336862285
1.001  0.00323700795
1.0058  0.00311053535
1.0106  0.00298900414
1.0154  0.00287222126
1.0202  0.00276000118
1.025  0.00265216563
1.0298  0.00254854331
1.0346  0.0024489696
1.0394  0.00235328632
1.0442  0.00226134146
1.049  0.00217298896
1.0538  0.00208808847
1.0586  0.00200650512
1.0634  0.00192810929
1.0682  0.00185277645
1.073  0.00178038693
1.0778  0.00171082573
1.0826  0.00164398234
1.0874  0.00157975058
1.0922  0.00151802841
1.097  0.00145871777
1.1018  0.00140172445
1.1066  0.00134695791
1.1114  0.00129433114
1.1162  0.00124376055
1.121  0.00119516579
1.1258  0.00114846966
1.1306  0.001103598
1.1354  0.0010604795
1.1402  0.00101904568
1.145  0.000979230719
1.1498  0.000940971359
1.1546  0.000904206824
1.1594  0.000868878709
1.1642  0.000834930894
1.169  0.000802309448
1.1738  0.000770962549
1.1786  0.0007408404
1.1834  0.000711895148
1.1882  0.000684080811
1.193  0.000657353203
1.1978  0.000631669866
1.2  0.0006202361
