-1.2  0.000662197223
-1.1952  0.000689758736
-1.1904  0.000718467394
-1.1856  0.000748370944
-1.1808  0.000779519119
-1.176  0.000811963722
-1.1712  0.000845758711
-1.1664  0.000880960292
-1.1616  0.000917627009
-1.1568  0.000955819842
-1.152  0.000995602311
-1.1472  0.00103704058
-1.1424  0.00108020356
-1.1376  0.00112516304
-1.1328  0.00117199379
-1.128  0.00122077371
-1.1232  0.0012715839
-1.1184  0.00132450888
-1.1136  0.00137963667
-1.1088  0.00143705895
-1.104  0.00149687121
-1.0992  0.00155917295
-1.0944  0.00162406776
-1.0896  0.00169166358
-1.0848  0.00176207282
-1.08  0.00183541259
-1.0752  0.00191180486
-1.0704  0.00199137667
-1.0656  0.00207426036
-1.0608  0.00216059379
-1.056  0.00225052052
-1.0512  0.00234419012
-1.0464  0.00244175837
-1.0416  0.00254338754
-1.0368  0.00264924665
-1.032  0.00275951175
-1.0272  0.00287436623
-1.0224  0.0029940011
-1.0176  0.00311861533
-1.0128  0.00324841617
-1.008  0.00338361949
-1.0032  0.00352445014
-0.9984  0.00367114236
-0.9936  0.00382394009
-0.9888  0.00398309747
-0.984  0.00414887918
-0.9792  0.00432156094
-0.9744  0.00450142995
-0.9696  0.00468878533
-0.9648  0.0048839387
-0.96  0.0050872146
-0.9552  0.0052989511
-0.9504  0.00551950036
-0.9456  0.00574922917
-0.9408  0.00598851959
-0.936  0.00623776958
-0.9312  0.00649739369
-0.9264  0.00676782369
-0.9216  0.00704950934
-0.9168  0.00734291912
-0.912  0.00764854099
-0.9072  0.00796688325
-0.9024  0.00829847532
-0.8976  0.00864386869
-0.8928  0.00900363778
-0.888  0.00937838093
-0.8832  0.00976872138
-0.8784  0.0101753083
-0.8736  0.0105988179
-0.8688  0.0110399545
-0.864  0.0114994519
-0.8592  0.011978074
-0.8544  0.0124766171
-0.8496  0.0129959102
-0.8448  0.0135368169
-0.84  0.0141002369
-0.8352  0.0146871072
-0.8304  0.0152984037
-0.8256  0.0159351432
-0.8208  0.0165983847
-0.816  0.0172892311
-0.8112  0.0180088315
-0.8064  0.0187583825
-0.8016  0.0195391309
-0.7968  0.020352375
-0.792  0.0211994674
-0.7872  0.0220818169
-0.7824  0.0230008909
-0.7776  0.023958218
-0.7728  0.0249553903
-0.768  0.0259940662
-0.7632  0.0270759731
-0.7584  0.0282029104
-0.7536  0.0293767524
-0.7488  0.0305994511
-0.744  0.0318730402
-0.7392  0.0331996377
-0.7344  0.0345814499
-0.7296  0.036020775
-0.7248  0.0375200067
-0.72  0.0390816383
-0.7152  0.040708267
-0.7104  0.0424025982
-0.7056  0.0441674497
-0.7008  0.0460057566
-0.696  0.0479205762
-0.6912  0.0499150931
-0.6864  0.0519926243
-0.6816  0.0541566252
-0.6768  0.0564106946
-0.672  0.0587585813
-0.6672  0.0612041901
-0.6624  0.0637515883
-0.6576  0.0664050126
-0.6528  0.0691688759
-0.648  0.0720477747
-0.6432  0.0750464971
-0.6384  0.0781700302
-0.6336  0.0814235688
-0.6288  0.084812524
-0.624  0.0883425319
-0.6192  0.0920194633
-0.6144  0.0958494334
-0.6096  0.0998388119
-0.6048  0.103994233
-0.6  0.108322609
-0.5952  0.112831137
-0.5904  0.117527317
-0.5856  0.122418957
-0.5808  0.127514193
-0.576  0.132821501
-0.5712  0.138349705
-0.5664  0.144108
-0.5616  0.150105963
-0.5568  0.156353569
-0.552  0.162861208
-0.5472  0.169639704
-0.5424  0.17670033
-0.5376  0.184054828
-0.5328  0.19171543
-0.528  0.199694877
-0.5232  0.208006438
-0.5184  0.216663937
-0.5136  0.225681773
-0.5088  0.235074943
-0.504  0.244859069
-0.4992  0.255050422
-0.4944  0.265665954
-0.4896  0.276723317
-0.4848  0.288240903
-0.48  0.300237865
-0.4752  0.312734157
-0.475  0.313265975
-0.475  0.313265976
-0.4702  0.32613241
-0.4654  0.339178616
-0.4606  0.352398383
-0.4558  0.365785419
-0.451  0.379333353
-0.4462  0.393035735
-0.4414  0.406886043
-0.4366  0.420877684
-0.4318  0.435003999
-0.427  0.449258264
-0.4222  0.463633693
-0.4174  0.478123444
-0.4126  0.492720621
-0.4078  0.507418274
-0.403  0.522209409
-0.3982  0.537086984
-0.3934  0.552043918
-0.3886  0.567073091
-0.3838  0.582167351
-0.379  0.597319511
-0.3742  0.61252236
-0.3694  0.627768662
-0.3646  0.643051159
-0.3598  0.658362577
-0.355  0.673695628
-0.3502  0.689043013
-0.3454  0.704397427
-0.3406  0.719751562
-0.3358  0.735098109
-0.331  0.750429764
-0.3262  0.765739228
-0.3214  0.781019215
-0.3166  0.796262451
-0.3118  0.81146168
-0.307  0.826609669
-0.3022  0.841699206
-0.2974  0.85672311
-0.2926  0.871674228
-0.2878  0.886545445
-0.283  0.901329681
-0.2782  0.9160199
-0.2734  0.93060911
-0.2686  0.945090365
-0.2638  0.959456772
-0.259  0.973701495
-0.2542  0.987817752
-0.2494  1.00179882
-0.2446  1.01563806
-0.2398  1.02932886
-0.235  1.04286472
-0.2302  1.05623919
-0.2254  1.06944591
-0.2206  1.0824786
-0.2158  1.09533104
-0.211  1.10799711
-0.2062  1.1204708
-0.2014  1.13274616
-0.1966  1.14481736
-0.1918  1.15667863
-0.187  1.16832435
-0.1822  1.17974896
-0.1774  1.19094703
-0.1726  1.20191323
-0.1678  1.21264233
-0.163  1.22312923
-0.1582  1.23336895
-0.1534  1.24335659
-0.1486  1.25308742
-0.1438  1.2625568
-0.139  1.27176022
-0.1342  1.28069329
-0.1294  1.28935178
-0.1246  1.29773156
-0.1198  1.30582863
-0.115  1.31363915
-0.1102  1.3211594
-0.1054  1.32838579
-0.1006  1.33531489
-0.0957999999  1.3419434
-0.0909999999  1.34826816
-0.0861999999  1.35428617
-0.0813999999  1.35999456
-0.0765999999  1.36539061
-0.0717999999  1.37047175
-0.0669999999  1.37523557
-0.0621999999  1.37967979
-0.0573999999  1.38380231
-0.0525999999  1.38760115
-0.0477999999  1.39107452
-0.0429999999  1.39422076
-0.0381999999  1.39703837
-0.0333999999  1.399526
-0.0285999999  1.40168248
-0.0237999999  1.40350679
-0.0189999999  1.40499804
-0.0141999999  1.40615553
-0.0093999999  1.40697871
-0.0045999999  1.40746719
0.0002000001  1.40762074
0.0050000001  1.40743928
0.0098000001  1.40692289
0.0146000001  1.40607183
0.0194000001  1.40488651
0.0242000001  1.40336747
0.0290000001  1.40151545
0.0338000001  1.39933133
0.0386000001  1.39681615
0.0434000001  1.3939711
0.0482000001  1.39079755
0.0530000001  1.38729699
0.0578000001  1.3834711
0.0626000001  1.3793217
0.0674000001  1.37485076
0.0722000001  1.37006041
0.0770000001  1.36495293
0.0818000001  1.35953075
0.0866000001  1.35379646
0.0914000001  1.34775277
0.0962000001  1.34140258
0.101  1.3347489
0.1058  1.3277949
0.1106  1.32054388
0.1154  1.31299931
0.1202  1.30516477
0.125  1.29704399
0.1298  1.28864083
0.1346  1.2799593
0.1394  1.27100353
0.1442  1.26177778
0.149  1.25228644
0.1538  1.24253403
0.1586  1.2325252
0.1634  1.2222647
0.1682  1.21175742
0.173  1.20100836
0.1778  1.19002264
0.1826  1.17880549
0.1874  1.16736224
0.1922  1.15569835
0.197  1.14381936
0.2018  1.13173094
0.2066  1.11943882
0.2114  1.10694887
0.2162  1.09426703
0.221  1.08139934
0.2258  1.06835192
0.2306  1.05513097
0.2354  1.04174281
0.2402  1.02819379
0.245  1.01449036
0.2498  1.00063906
0.2546  0.986646467
0.2594  0.972519248
0.2642  0.958264125
0.269  0.943887885
0.2738  0.929397369
0.2786  0.914799477
0.2834  0.900101155
0.2882  0.885309401
0.293  0.870431255
0.2978  0.855473799
0.3026  0.840444152
0.3074  0.825349469
0.3122  0.810196935
0.317  0.794993761
0.3218  0.779747185
0.3266  0.764464464
0.3314  0.749152872
0.3362  0.733819698
0.341  0.718472239
0.3458  0.703117802
0.3506  0.687763694
0.3554  0.672417225
0.3602  0.657085698
0.365  0.641776412
0.3698  0.626496654
0.3746  0.611253696
0.3794  0.596054795
0.3842  0.580907184
0.389  0.565818075
0.3938  0.550794648
0.3986  0.535844056
0.4034  0.520973415
0.4082  0.506189802
0.413  0.491500255
0.4178  0.476911766
0.4226  0.462431279
0.4274  0.448065686
0.4322  0.433821825
0.437  0.419706477
0.4418  0.40572636
0.4466  0.391888128
0.4514  0.378198369
0.4562  0.364663599
0.461  0.351290259
0.4658  0.338084716
0.4706  0.325053255
0.475  0.313265976
0.475  0.313265975
0.4798  0.300748433
0.4846  0.288731069
0.4894  0.277193898
0.4942  0.266117731
0.499  0.255484147
0.5038  0.245275462
0.5086  0.235474698
0.5134  0.226065555
0.5182  0.217032384
0.523  0.208360162
0.5278  0.200034467
0.5326  0.192041451
0.5374  0.184367822
0.5422  0.177000817
0.547  0.169928184
0.5518  0.163138161
0.5566  0.156619455
0.5614  0.150361225
0.5662  0.144353062
0.571  0.138584975
0.5758  0.133047369
0.5806  0.127731037
0.5854  0.122627136
0.5902  0.117727177
0.595  0.113023012
0.5998  0.108506817
0.6046  0.10417108
0.6094  0.100008592
0.6142  0.0960124296
0.619  0.0921759465
0.6238  0.0884927623
0.6286  0.0849567515
0.6334  0.0815620332
0.6382  0.0783029618
0.643  0.075174117
0.6478  0.0721702952
0.6526  0.0692865006
0.6574  0.0665179373
0.6622  0.0638600007
0.667  0.0613082705
0.6718  0.0588585029
0.6766  0.0565066235
0.6814  0.054248721
0.6862  0.0520810401
0.691  0.0499999759
0.6958  0.0480020672
0.7006  0.0460839914
0.7054  0.0442425584
0.7102  0.0424747057
0.715  0.0407774933
0.7198  0.0391480983
0.7246  0.0375838111
0.7294  0.0360820299
0.7342  0.0346402572
0.739  0.0332560952
0.7438  0.0319272417
0.7486  0.0306514869
0.7534  0.0294267088
0.7582  0.0282508707
0.763  0.027122017
0.7678  0.0260382702
0.7726  0.024997828
0.7774  0.02399896
0.7822  0.0230400049
0.787  0.022119368
0.7918  0.021235518
0.7966  0.0203869851
0.8014  0.019572358
0.8062  0.018790282
0.811  0.0180394563
0.8158  0.0173186322
0.8206  0.016626611
0.8254  0.0159622417
0.8302  0.0153244193
0.835  0.0147120832
0.8398  0.014124215
0.8446  0.0135598369
0.8494  0.0130180103
0.8542  0.0124978341
0.859  0.0119984433
0.8638  0.0115190072
0.8686  0.0110587285
0.8734  0.0106168417
0.8782  0.0101926119
0.883  0.00978533352
0.8878  0.00939432928
0.8926  0.00901894887
0.8974  0.00865856797
0.9022  0.00831258725
0.907  0.00798043129
0.9118  0.00766154768
0.9166  0.00735540608
0.9214  0.00706149735
0.9262  0.00677933268
0.931  0.0065084428
0.9358  0.00624837719
0.9406  0.00599870333
0.9454  0.00575900599
0.9502  0.00552888652
0.955  0.00530796221
0.9598  0.00509586563
0.9646  0.00489224405
0.9694  0.00469675882
0.9742  0.00450908483
0.979  0.00432890995
0.9838  0.00415593453
0.9886  0.0039898709
0.9934  0.00383044287
0.9982  0.0036773853
1.003  0.00353044363
1.0078  0.00338937348
1.0126  0.00325394024
1.0174  0.00312391867
1.0222  0.00299909253
1.027  0.00287925421
1.0318  0.00276420442
1.0366  0.00265375181
1.0414  0.00254771268
1.0462  0.00244591069
1.051  0.00234817652
1.0558  0.00225434763
1.0606  0.00216426797
1.0654  0.00207778774
1.0702  0.00199476309
1.075  0.00191505597
1.0798  0.00183853379
1.0846  0.0017650693
1.0894  0.00169454033
1.0942  0.00162682956
1.099  0.00156182439
1.1038  0.00149941671
1.1086  0.00143950273
1.1134  0.0013819828
1.1182  0.00132676127
1.123  0.00127374628
1.1278  0.00122284969
1.1326  0.00117398682
1.1374  0.00112707643
1.1422  0.00108204049
1.147  0.00103880411
1.1518  0.000997295377
1.1566  0.000957445256
1.1614  0.000919187474
1.1662  0.000882458404
1.171  0.000847196962
1.1758  0.000813344502
1.1806  0.000780844726
1.1854  0.000749643582
1.1902  0.00071968918
1.195  0.000690931701
1.1998  0.000663323319
1.2  0.000662197223
