-1.2  0.000635746314
-1.1952  0.000661918879
-1.1904  0.000689168922
-1.1856  0.000717540802
-1.1808  0.000747080703
-1.176  0.00077783671
-1.1712  0.000809858888
-1.1664  0.000843199363
-1.1616  0.000877912407
-1.1568  0.000914054526
-1.152  0.000951684554
-1.1472  0.000990863744
-1.1424  0.00103165587
-1.1376  0.00107412734
-1.1328  0.00111834729
-1.128  0.00116438769
-1.1232  0.0012123235
-1.1184  0.00126223274
-1.1136  0.00131419665
-1.1088  0.00136829983
-1.104  0.00142463034
-1.0992  0.00148327988
-1.0944  0.00154434393
-1.0896  0.00160792187
-1.0848  0.0016741172
-1.08  0.00174303768
-1.0752  0.00181479549
-1.0704  0.00188950745
-1.0656  0.00196729517
-1.0608  0.00204828527
-1.056  0.0021326096
-1.0512  0.00222040541
-1.0464  0.00231181562
-1.0416  0.00240698903
-1.0368  0.00250608056
-1.032  0.00260925152
-1.0272  0.00271666984
-1.0224  0.00282851039
-1.0176  0.00294495522
-1.0128  0.00306619388
-1.008  0.00319242372
-1.0032  0.00332385023
-0.9984  0.00346068733
-0.9936  0.00360315778
-0.9888  0.00375149349
-0.984  0.00390593592
-0.9792  0.00406673648
-0.9744  0.00423415691
-0.9696  0.00440846975
-0.9648  0.00458995875
-0.96  0.00477891933
-0.9552  0.00497565908
-0.9504  0.00518049827
-0.9456  0.00539377033
-0.9408  0.00561582243
-0.936  0.00584701602
-0.9312  0.00608772745
-0.9264  0.00633834855
-0.9216  0.00659928728
-0.9168  0.00687096841
-0.912  0.00715383417
-0.9072  0.00744834502
-0.9024  0.00775498037
-0.8976  0.00807423935
-0.8928  0.00840664168
-0.888  0.00875272842
-0.8832  0.00911306295
-0.8784  0.00948823183
-0.8736  0.00987884575
-0.8688  0.0102855406
-0.864  0.0107089783
-0.8592  0.0111498482
-0.8544  0.011608868
-0.8496  0.0120867848
-0.8448  0.0125843766
-0.84  0.0131024534
-0.8352  0.0136418585
-0.8304  0.01420347
-0.8256  0.014788202
-0.8208  0.0153970064
-0.816  0.0160308743
-0.8112  0.0166908373
-0.8064  0.0173779699
-0.8016  0.0180933906
-0.7968  0.0188382639
-0.792  0.0196138023
-0.7872  0.0204212682
-0.7824  0.0212619762
-0.7776  0.0221372945
-0.7728  0.0230486483
-0.768  0.0239975208
-0.7632  0.0249854568
-0.7584  0.0260140644
-0.7536  0.027085018
-0.7488  0.0282000608
-0.744  0.0293610081
-0.7392  0.0305697495
-0.7344  0.0318282526
-0.7296  0.0331385661
-0.7248  0.034502823
-0.72  0.0359232439
-0.7152  0.0374021411
-0.7104  0.0389419219
-0.7056  0.0405450927
-0.7008  0.0422142633
-0.696  0.0439521508
-0.6912  0.045761584
-0.6864  0.0476455085
-0.6816  0.0496069908
-0.6768  0.0516492239
-0.672  0.0537755322
-0.6672  0.0559893768
-0.6624  0.0582943616
-0.6576  0.0606942386
-0.6528  0.0631929143
-0.648  0.0657944562
-0.6432  0.0685030989
-0.6384  0.0713232518
-0.6336  0.0742595054
-0.6288  0.0773166395
-0.624  0.0804996304
-0.6192  0.0838136595
-0.6144  0.0872641214
-0.6096  0.0908566327
-0.6048  0.0945970415
-0.6  0.0984914364
-0.5952  0.102546157
-0.5904  0.106767803
-0.5856  0.111163247
-0.5808  0.115739643
-0.576  0.120504442
-0.5712  0.125465399
-0.5664  0.13063059
-0.5616  0.136008424
-0.5568  0.141607653
-0.552  0.147437392
-0.5472  0.153507132
-0.5424  0.159826752
-0.5376  0.16640654
-0.5328  0.173257207
-0.528  0.180389903
-0.5232  0.18781624
-0.5184  0.195548307
-0.5136  0.203598689
-0.5088  0.211980491
-0.504  0.220707357
-0.4992  0.229793493
-0.4944  0.23925369
-0.4896  0.249103346
-0.4848  0.259358496
-0.48  0.270035832
-0.4752  0.281152735
-0.4704  0.292727301
-0.4656  0.304778373
-0.4608  0.317325566
-0.456  0.330389305
-0.4512  0.343990855
-0.45  0.34747785
-0.45  0.34747785
-0.4452  0.361592062
-0.4404  0.375892991
-0.4356  0.390373327
-0.4308  0.405025666
-0.426  0.419842516
-0.4212  0.434816302
-0.4164  0.449939368
-0.4116  0.465203982
-0.4068  0.480602339
-0.402  0.496126567
-0.3972  0.511768729
-0.3924  0.527520826
-0.3876  0.543374805
-0.3828  0.55932256
-0.378  0.575355938
-0.3732  0.591466741
-0.3684  0.607646732
-0.3636  0.623887638
-0.3588  0.640181156
-0.354  0.656518955
-0.3492  0.672892681
-0.3444  0.689293964
-0.3396  0.705714418
-0.3348  0.722145647
-0.33  0.73857925
-0.3252  0.755006826
-0.3204  0.771419974
-0.3156  0.787810304
-0.3108  0.804169435
-0.306  0.820489004
-0.3012  0.836760665
-0.2964  0.852976101
-0.2916  0.869127019
-0.2868  0.885205164
-0.282  0.901202314
-0.2772  0.917110289
-0.2724  0.932920958
-0.2676  0.948626236
-0.2628  0.964218093
-0.258  0.979688557
-0.2532  0.99502972
-0.2484  1.01023374
-0.2436  1.02529283
-0.2388  1.04019931
-0.234  1.05494555
-0.2292  1.06952401
-0.2244  1.08392723
-0.2196  1.09814786
-0.2148  1.11217862
-0.21  1.12601234
-0.2052  1.13964194
-0.2004  1.15306046
-0.1956  1.16626104
-0.1908  1.17923692
-0.186  1.19198147
-0.1812  1.20448819
-0.1764  1.21675066
-0.1716  1.22876263
-0.1668  1.24051795
-0.162  1.25201061
-0.1572  1.26323473
-0.1524  1.27418458
-0.1476  1.28485456
-0.1428  1.29523921
-0.138  1.30533322
-0.1332  1.31513144
-0.1284  1.32462885
-0.1236  1.33382059
-0.1188  1.34270197
-0.114  1.35126845
-0.1092  1.35951565
-0.1044  1.36743934
-0.0995999999  1.37503548
-0.0947999999  1.38230019
-0.0899999999  1.38922975
-0.0851999999  1.39582061
-0.0803999999  1.40206942
-0.0755999999  1.40797296
-0.0707999999  1.41352823
-0.0659999999  1.41873239
-0.0611999999  1.42358277
-0.0563999999  1.42807689
-0.0515999999  1.43221246
-0.0467999999  1.43598735
-0.0419999999  1.43939965
-0.0371999999  1.44244761
-0.0323999999  1.44512967
-0.0275999999  1.44744445
-0.0227999999  1.44939077
-0.0179999999  1.45096765
-0.0131999999  1.45217426
-0.0083999999  1.45301001
-0.0035999999  1.45347444
0.0012000001  1.45356734
0.0060000001  1.45328866
0.0108000001  1.45263852
0.0156000001  1.45161728
0.0204000001  1.45022545
0.0252000001  1.44846373
0.0300000001  1.44633304
0.0348000001  1.44383447
0.0396000001  1.44096928
0.0444000001  1.43773894
0.0492000001  1.43414511
0.0540000001  1.43018963
0.0588000001  1.42587451
0.0636000001  1.42120196
0.0684000001  1.41617437
0.0732000001  1.41079431
0.0780000001  1.40506454
0.0828000001  1.39898798
0.0876000001  1.39256773
0.0924000001  1.38580709
0.0972000001  1.3787095
0.102  1.3712786
0.1068  1.36351819
0.1116  1.35543223
0.1164  1.34702485
0.1212  1.33830036
0.126  1.32926322
0.1308  1.31991805
0.1356  1.31026962
0.1404  1.30032287
0.1452  1.29008288
0.15  1.2795549
0.1548  1.26874429
0.1596  1.2576566
0.1644  1.24629748
0.1692  1.23467275
0.174  1.22278834
0.1788  1.21065035
0.1836  1.19826496
0.1884  1.18563852
0.1932  1.17277748
0.198  1.15968841
0.2028  1.14637802
0.2076  1.13285309
0.2124  1.11912055
0.2172  1.10518742
0.222  1.09106083
0.2268  1.07674799
0.2316  1.06225622
0.2364  1.04759293
0.2412  1.03276563
0.246  1.01778188
0.2508  1.00264936
0.2556  0.987375792
0.2604  0.971968994
0.2652  0.956436841
0.27  0.940787273
0.2748  0.925028293
0.2796  0.909167957
0.2844  0.893214375
0.2892  0.877175702
0.294  0.861060141
0.2988  0.844875929
0.3036  0.828631343
0.3084  0.812334686
0.3132  0.795994292
0.318  0.779618515
0.3228  0.763215728
0.3276  0.746794316
0.3324  0.730362677
0.3372  0.71392921
0.342  0.697502319
0.3468  0.681090401
0.3516  0.664701849
0.3564  0.648345041
0.3612  0.63202834
0.366  0.615760088
0.3708  0.599548604
0.3756  0.583402175
0.3804  0.567329057
0.3852  0.551337469
0.39  0.535435585
0.3948  0.519631537
0.3996  0.503933404
0.4044  0.488349213
0.4092  0.472886933
0.414  0.457554467
0.4188  0.442359656
0.4236  0.427310268
0.4284  0.412413998
0.4332  0.397678462
0.438  0.383111193
0.4428  0.368719641
0.4476  0.354511162
0.45  0.34747785
0.45  0.34747785
0.4548  0.333738422
0.4596  0.320542258
0.4644  0.307867875
0.4692  0.295694644
0.474  0.284002747
0.4788  0.272773153
0.4836  0.261987582
0.4884  0.251628477
0.4932  0.241678976
0.498  0.232122883
0.5028  0.222944642
0.5076  0.214129312
0.5124  0.205662545
0.5172  0.197530557
0.522  0.189720111
0.5268  0.182218495
0.5316  0.175013495
0.5364  0.168093384
0.5412  0.161446897
0.546  0.155063216
0.5508  0.148931948
0.5556  0.143043113
0.5604  0.137387125
0.5652  0.131954777
0.57  0.126737227
0.5748  0.121725981
0.5796  0.116912882
0.5844  0.112290095
0.5892  0.107850095
0.594  0.103585655
0.5988  0.0994898325
0.6036  0.0955559606
0.6084  0.0917776358
0.6132  0.0881487075
0.618  0.0846632687
0.6228  0.0813156457
0.6276  0.0781003892
0.6324  0.0750122653
0.6372  0.0720462472
0.642  0.0691975068
0.6468  0.0664614068
0.6516  0.0638334935
0.6564  0.061309489
0.6612  0.0588852847
0.666  0.0565569346
0.6708  0.0543206484
0.6756  0.052172786
0.6804  0.050109851
0.6852  0.0481284854
0.69  0.0462254638
0.6948  0.0443976886
0.6996  0.0426421844
0.7044  0.0409560936
0.7092  0.0393366716
0.714  0.0377812822
0.7188  0.0362873936
0.7236  0.0348525741
0.7284  0.0334744879
0.7332  0.0321508919
0.738  0.0308796314
0.7428  0.0296586372
0.7476  0.0284859216
0.7524  0.0273595756
0.7572  0.0262777659
0.762  0.0252387315
0.7668  0.0242407809
0.7716  0.0232822897
0.7764  0.0223616977
0.7812  0.0214775063
0.786  0.0206282762
0.7908  0.0198126251
0.7956  0.0190292251
0.8004  0.0182768012
0.8052  0.0175541284
0.81  0.0168600304
0.8148  0.0161933774
0.8196  0.0155530841
0.8244  0.0149381083
0.8292  0.0143474489
0.834  0.0137801444
0.8388  0.0132352714
0.8436  0.0127119429
0.8484  0.0122093071
0.8532  0.0117265457
0.858  0.0112628729
0.8628  0.0108175339
0.8676  0.0103898039
0.8724  0.00997898645
0.8772  0.00958441292
0.882  0.009205441
0.8868  0.0088414538
0.8916  0.00849185882
0.8964  0.00815608697
0.9012  0.00783359169
0.906  0.00752384802
0.9108  0.00722635175
0.9156  0.00694061861
0.9204  0.00666618348
0.9252  0.00640259965
0.93  0.00614943803
0.9348  0.00590628654
0.9396  0.00567274936
0.9444  0.00544844635
0.9492  0.00523301237
0.954  0.00502609675
0.9588  0.00482736267
0.9636  0.00463648662
0.9684  0.00445315789
0.9732  0.00427707806
0.978  0.00410796051
0.9828  0.00394552994
0.9876  0.00378952194
0.9924  0.00363968257
0.9972  0.00349576791
1.002  0.00335754371
1.0068  0.00322478495
1.0116  0.00309727553
1.0164  0.00297480789
1.0212  0.00285718267
1.026  0.0027442084
1.0308  0.00263570119
1.0356  0.0025314844
1.0404  0.00243138839
1.0452  0.00233525022
1.05  0.0022429134
1.0548  0.00215422761
1.0596  0.0020690485
1.0644  0.00198723741
1.0692  0.00190866117
1.074  0.00183319186
1.0788  0.00176070665
1.0836  0.00169108753
1.0884  0.00162422118
1.0932  0.00155999876
1.098  0.00149831572
1.1028  0.00143907165
1.1076  0.00138217013
1.1124  0.00132751851
1.1172  0.00127502784
1.122  0.00122461268
1.1268  0.00117619095
1.1316  0.00112968384
1.1364  0.00108501564
1.1412  0.00104211365
1.146  0.00100090801
1.1508  0.000961331668
1.1556  0.00092332019
1.1604  0.000886811702
1.1652  0.000851746776
1.17  0.000818068332
1.1748  0.000785721549
1.1796  0.000754653772
1.1844  0.000724814429
1.1892  0.000696154947
1.194  0.000668628673
1.1988  0.0006421908
1.2  0.000635746314
