-1.2  0.000699533772
-1.1952  0.000728932639
-1.1904  0.000759567033
-1.1856  0.000791488879
-1.1808  0.000824752285
-1.176  0.000859413631
-1.1712  0.000895531668
-1.1664  0.000933167615
-1.1616  0.000972385264
-1.1568  0.00101325109
-1.152  0.00105583436
-1.1472  0.00110020724
-1.1424  0.00114644496
-1.1376  0.00119462588
-1.1328  0.00124483168
-1.128  0.00129714743
-1.1232  0.00135166183
-1.1184  0.00140846728
-1.1136  0.00146766005
-1.1088  0.00152934047
-1.104  0.0015936131
-1.0992  0.00166058688
-1.0944  0.00173037532
-1.0896  0.00180309672
-1.0848  0.00187887433
-1.08  0.0019578366
-1.0752  0.00204011737
-1.0704  0.0021258561
-1.0656  0.00221519812
-1.0608  0.00230829486
-1.056  0.00240530412
-1.0512  0.00250639033
-1.0464  0.00261172482
-1.0416  0.00272148614
-1.0368  0.00283586033
-1.032  0.00295504125
-1.0272  0.00307923091
-1.0224  0.00320863981
-1.0176  0.0033434873
-1.0128  0.00348400194
-1.008  0.0036304219
-1.0032  0.00378299536
-0.9984  0.00394198093
-0.9936  0.00410764809
-0.9888  0.00428027764
-0.984  0.00446016217
-0.9792  0.00464760661
-0.9744  0.00484292865
-0.9696  0.00504645937
-0.9648  0.00525854375
-0.96  0.00547954126
-0.9552  0.0057098265
-0.9504  0.00594978979
-0.9456  0.00619983787
-0.9408  0.00646039456
-0.936  0.00673190151
-0.9312  0.0070148189
-0.9264  0.00730962629
-0.9216  0.00761682336
-0.9168  0.00793693081
-0.912  0.00827049122
-0.9072  0.00861806996
-0.9024  0.00898025617
-0.8976  0.00935766376
-0.8928  0.00975093241
-0.888  0.0101607287
-0.8832  0.0105877473
-0.8784  0.0110327119
-0.8736  0.0114963767
-0.8688  0.0119795277
-0.864  0.0124829838
-0.8592  0.0130075984
-0.8544  0.0135542605
-0.8496  0.0141238969
-0.8448  0.0147174731
-0.84  0.015335995
-0.8352  0.0159805113
-0.8304  0.0166521142
-0.8256  0.0173519421
-0.8208  0.0180811813
-0.816  0.0188410677
-0.8112  0.0196328895
-0.8064  0.0204579886
-0.8016  0.0213177636
-0.7968  0.0222136719
-0.792  0.0231472319
-0.7872  0.0241200261
-0.7824  0.0251337033
-0.7776  0.0261899816
-0.7728  0.0272906515
-0.768  0.0284375786
-0.7632  0.0296327068
-0.7584  0.030878062
-0.7536  0.0321757549
-0.7488  0.0335279852
-0.744  0.0349370447
-0.7392  0.036405322
-0.7344  0.0379353055
-0.7296  0.0395295888
-0.7248  0.041190874
-0.72  0.042921977
-0.7152  0.0447258319
-0.7104  0.0466054964
-0.7056  0.0485641563
-0.7008  0.0506051316
-0.696  0.0527318817
-0.6912  0.0549480113
-0.6864  0.0572572769
-0.6816  0.0596635925
-0.6768  0.0621710368
-0.672  0.0647838599
-0.6672  0.0675064905
-0.6624  0.0703435434
-0.6576  0.0732998273
-0.6528  0.0763803531
-0.648  0.0795903422
-0.6432  0.0829352355
-0.6384  0.0864207026
-0.6336  0.0900526511
-0.6288  0.0938372373
-0.624  0.097780876
-0.6192  0.101890251
-0.6144  0.106172329
-0.6096  0.110634367
-0.6048  0.115283928
-0.6  0.120128893
-0.5952  0.125177475
-0.5904  0.13043823
-0.5856  0.135920075
-0.5808  0.141632303
-0.576  0.147584595
-0.5712  0.15378704
-0.5664  0.160250151
-0.5616  0.166984883
-0.5568  0.174002652
-0.552  0.181315352
-0.5472  0.188935379
-0.5424  0.196875647
-0.5376  0.205149616
-0.5328  0.21377131
-0.528  0.222755343
-0.5232  0.232116942
-0.5184  0.241871975
-0.5136  0.252036976
-0.5088  0.262629176
-0.504  0.273666527
-0.5  0.28321784
-0.5  0.28321784
-0.4952  0.294964822
-0.4904  0.306883674
-0.4856  0.318969105
-0.4808  0.331215746
-0.476  0.343618158
-0.4712  0.356170833
-0.4664  0.368868196
-0.4616  0.381704607
-0.4568  0.394674366
-0.452  0.407771711
-0.4472  0.420990827
-0.4424  0.434325842
-0.4376  0.447770834
-0.4328  0.461319831
-0.428  0.474966815
-0.4232  0.488705726
-0.4184  0.502530462
-0.4136  0.516434882
-0.4088  0.530412812
-0.404  0.544458043
-0.3992  0.558564337
-0.3944  0.57272543
-0.3896  0.586935031
-0.3848  0.60118683
-0.38  0.615474497
-0.3752  0.629791686
-0.3704  0.64413204
-0.3656  0.658489188
-0.3608  0.672856754
-0.356  0.687228358
-0.3512  0.701597616
-0.3464  0.715958146
-0.3416  0.730303571
-0.3368  0.744627519
-0.332  0.758923628
-0.3272  0.773185549
-0.3224  0.787406949
-0.3176  0.80158151
-0.3128  0.815702937
-0.308  0.829764958
-0.3032  0.843761329
-0.2984  0.857685833
-0.2936  0.871532285
-0.2888  0.885294535
-0.284  0.898966473
-0.2792  0.912542025
-0.2744  0.926015162
-0.2696  0.9393799
-0.2648  0.952630303
-0.26  0.965760488
-0.2552  0.978764621
-0.2504  0.991636927
-0.2456  1.00437169
-0.2408  1.01696325
-0.236  1.02940603
-0.2312  1.04169448
-0.2264  1.05382316
-0.2216  1.06578667
-0.2168  1.07757971
-0.212  1.08919704
-0.2072  1.10063349
-0.2024  1.11188399
-0.1976  1.12294354
-0.1928  1.13380723
-0.188  1.14447023
-0.1832  1.15492782
-0.1784  1.16517533
-0.1736  1.17520823
-0.1688  1.18502205
-0.164  1.19461244
-0.1592  1.20397514
-0.1544  1.21310599
-0.1496  1.22200094
-0.1448  1.23065603
-0.14  1.23906742
-0.1352  1.24723137
-0.1304  1.25514426
-0.1256  1.26280258
-0.1208  1.27020292
-0.116  1.27734199
-0.1112  1.28421663
-0.1064  1.29082379
-0.1016  1.29716052
-0.0967999999  1.30322401
-0.0919999999  1.30901157
-0.0871999999  1.31452064
-0.0823999999  1.31974876
-0.0775999999  1.3246936
-0.0727999999  1.32935299
-0.0679999999  1.33372484
-0.0631999999  1.33780721
-0.0583999999  1.34159829
-0.0535999999  1.3450964
-0.0487999999  1.34829999
-0.0439999999  1.35120762
-0.0391999999  1.35381802
-0.0343999999  1.35613001
-0.0295999999  1.35814258
-0.0247999999  1.35985482
-0.0199999999  1.36126599
-0.0151999999  1.36237545
-0.0103999999  1.3631827
-0.0055999999  1.3636874
-0.0007999999  1.36388931
0.0040000001  1.36378836
0.0088000001  1.36338457
0.0136000001  1.36267813
0.0184000001  1.36166936
0.0232000001  1.3603587
0.0280000001  1.35874674
0.0328000001  1.35683418
0.0376000001  1.35462189
0.0424000001  1.35211084
0.0472000001  1.34930215
0.0520000001  1.34619706
0.0568000001  1.34279696
0.0616000001  1.33910335
0.0664000001  1.33511788
0.0712000001  1.33084232
0.0760000001  1.32627855
0.0808000001  1.32142862
0.0856000001  1.31629468
0.0904000001  1.310879
0.0952000001  1.30518399
0.1  1.29921218
0.1048  1.29296622
0.1096  1.28644889
0.1144  1.27966307
0.1192  1.2726118
0.124  1.26529819
0.1288  1.25772549
0.1336  1.24989707
0.1384  1.24181641
0.1432  1.23348709
0.148  1.22491281
0.1528  1.21609738
0.1576  1.20704472
0.1624  1.19775885
0.1672  1.18824389
0.172  1.17850406
0.1768  1.1685437
0.1816  1.15836722
0.1864  1.14797915
0.1912  1.1373841
0.196  1.12658677
0.2008  1.11559197
0.2056  1.10440457
0.2104  1.09302954
0.2152  1.08147193
0.22  1.06973689
0.2248  1.05782961
0.2296  1.04575539
0.2344  1.03351959
0.2392  1.02112765
0.244  1.00858507
0.2488  0.995897411
0.2536  0.98307032
0.2584  0.97010949
0.2632  0.957020678
0.268  0.943809696
0.2728  0.930482412
0.2776  0.917044746
0.2824  0.903502664
0.2872  0.889862183
0.292  0.876129359
0.2968  0.862310293
0.3016  0.848411121
0.3064  0.834438017
0.3112  0.820397186
0.316  0.806294865
0.3208  0.792137317
0.3256  0.77793083
0.3304  0.763681713
0.3352  0.749396295
0.34  0.73508092
0.3448  0.720741947
0.3496  0.706385744
0.3544  0.692018686
0.3592  0.677647155
0.364  0.663277534
0.3688  0.648916204
0.3736  0.634569544
0.3784  0.620243926
0.3832  0.605945713
0.388  0.591681253
0.3928  0.577456884
0.3976  0.563278922
0.4024  0.549153665
0.4072  0.535087385
0.412  0.52108633
0.4168  0.507156719
0.4216  0.493304737
0.4264  0.479536538
0.4312  0.465858236
0.436  0.452275906
0.4408  0.43879558
0.4456  0.425423246
0.4504  0.412164842
0.4552  0.399026257
0.46  0.386013326
0.4648  0.373131829
0.4696  0.360387488
0.4744  0.347785961
0.4792  0.335332846
0.484  0.323033673
0.4888  0.310893906
0.4936  0.298918935
0.4984  0.28711408
0.5  0.28321784
0.5  0.28321784
0.5048  0.271795271
0.5096  0.26083339
0.5144  0.250313617
0.5192  0.24021812
0.524  0.23052979
0.5288  0.221232203
0.5336  0.212309601
0.5384  0.20374686
0.5432  0.195529465
0.548  0.18764349
0.5528  0.180075568
0.5576  0.17281287
0.5624  0.165843087
0.5672  0.159154404
0.572  0.152735486
0.5768  0.146575452
0.5816  0.14066386
0.5864  0.134990691
0.5912  0.129546329
0.596  0.124321545
0.6008  0.119307485
0.6056  0.114495648
0.6104  0.109877879
0.6152  0.105446352
0.62  0.101193554
0.6248  0.0971122771
0.6296  0.093195604
0.6344  0.0894368958
0.6392  0.0858297815
0.644  0.0823681471
0.6488  0.0790461253
0.6536  0.0758580852
0.6584  0.0727986232
0.6632  0.0698625535
0.668  0.0670448996
0.6728  0.0643408857
0.6776  0.0617459283
0.6824  0.0592556292
0.6872  0.0568657673
0.692  0.0545722919
0.6968  0.0523713155
0.7016  0.0502591076
0.7064  0.0482320879
0.7112  0.0462868208
0.716  0.044420009
0.7208  0.0426284883
0.7256  0.0409092221
0.7304  0.0392592963
0.7352  0.0376759143
0.74  0.0361563923
0.7448  0.0346981548
0.7496  0.03329873
0.7544  0.0319557459
0.7592  0.0306669263
0.764  0.0294300865
0.7688  0.0282431302
0.7736  0.0271040455
0.7784  0.0260109017
0.7832  0.0249618459
0.788  0.0239550999
0.7928  0.0229889575
0.7976  0.0220617809
0.8024  0.0211719986
0.8072  0.0203181025
0.812  0.0194986451
0.8168  0.0187122377
0.8216  0.0179575471
0.8264  0.0172332943
0.8312  0.0165382516
0.836  0.0158712409
0.8408  0.0152311317
0.8456  0.014616839
0.8504  0.0140273216
0.8552  0.0134615802
0.86  0.012918656
0.8648  0.0123976286
0.8696  0.011897615
0.8744  0.0114177677
0.8792  0.0109572732
0.884  0.0105153512
0.8888  0.0100912524
0.8936  0.00968425821
0.8984  0.00929367861
0.9032  0.00891885164
0.908  0.00855914196
0.9128  0.00821393987
0.9176  0.00788266026
0.9224  0.00756474161
0.9272  0.00725964507
0.932  0.00696685349
0.9368  0.00668587061
0.9416  0.00641622016
0.9464  0.00615744508
0.9512  0.00590910676
0.956  0.00567078427
0.9608  0.00544207366
0.9656  0.00522258727
0.9704  0.00501195307
0.9752  0.00480981403
0.98  0.00461582755
0.9848  0.00442966481
0.9896  0.00425101027
0.9944  0.00407956112
0.9992  0.00391502675
1.004  0.00375712828
1.0088  0.00360559807
1.0136  0.00346017929
1.0184  0.00332062545
1.0232  0.00318670001
1.028  0.00305817597
1.0328  0.00293483548
1.0376  0.00281646949
1.0424  0.00270287736
1.0472  0.00259386656
1.052  0.00248925232
1.0568  0.00238885731
1.0616  0.00229251138
1.0664  0.00220005121
1.0712  0.00211132008
1.076  0.00202616761
1.0808  0.00194444945
1.0856  0.00186602711
1.0904  0.00179076764
1.0952  0.00171854349
1.1  0.00164923224
1.1048  0.00158271642
1.1096  0.00151888326
1.1144  0.00145762459
1.1192  0.00139883656
1.124  0.00134241954
1.1288  0.0012882779
1.1336  0.00123631986
1.1384  0.00118645736
1.1432  0.00113860588
1.148  0.00109268433
1.1528  0.00104861485
1.1576  0.00100632276
1.1624  0.00096573636
1.1672  0.00092678687
1.172  0.000889408268
1.1768  0.000853537196
1.1816  0.000819112855
1.1864  0.000786076895
1.1912  0.000754373321
1.196  0.000723948397
1.2  0.000699533772
