0.3  1.59669669
0.307  1.60074865
0.314  1.60474846
0.321  1.60869485
0.328  1.61258676
0.335  1.61642334
0.342  1.62020392
0.349  1.62392799
0.356  1.6275952
0.363  1.63120532
0.37  1.63475827
0.377  1.63825407
0.384  1.64169285
0.391  1.64507481
0.398  1.64840027
0.405  1.65166959
0.412  1.65488321
0.419  1.65804163
0.426  1.66114541
0.433  1.66419513
0.44  1.66719143
0.447  1.67013499
0.454  1.67302649
0.461  1.67586666
0.468  1.67865625
0.475  1.68139601
0.482  1.68408673
0.489  1.68672919
0.496  1.68932418
0.503  1.69187251
0.51  1.69437498
0.517  1.69683239
0.524  1.69924555
0.531  1.70161526
0.538  1.70394233
0.545  1.70622755
0.552  1.7084717
0.559  1.71067557
0.566  1.71283994
0.573  1.71496557
0.58  1.71705322
0.587  1.71910364
0.594  1.72111756
0.601  1.72309571
0.608  1.72503882
0.615  1.72694757
0.622  1.72882267
0.629  1.7306648
0.636  1.73247463
0.643  1.73425281
0.65  1.73599999
0.657  1.73771681
0.664  1.73940388
0.671  1.74106181
0.678  1.74269121
0.685  1.74429265
0.692  1.74586671
0.699  1.74741396
0.706  1.74893494
0.713  1.75043019
0.72  1.75190024
0.727  1.7533456
0.734  1.75476679
0.741  1.75616429
0.748  1.75753858
0.755  1.75889015
0.762  1.76021945
0.769  1.76152694
0.776  1.76281305
0.783  1.76407823
0.79  1.76532289
0.797  1.76654744
0.804  1.7677523
0.811  1.76893786
0.818  1.77010449
0.825  1.7712526
0.832  1.77238253
0.839  1.77349465
0.846  1.77458932
0.853  1.77566688
0.86  1.77672767
0.867  1.77777201
0.874  1.77880023
0.881  1.77981265
0.888  1.78080956
0.895  1.78179129
0.902  1.7827581
0.909  1.78371031
0.916  1.78464818
0.923  1.78557199
0.93  1.78648201
0.937  1.7873785
0.944  1.78826172
0.951  1.78913193
0.958  1.78998936
0.965  1.79083425
0.972  1.79166685
0.979  1.79248738
0.986  1.79329607
0.993  1.79409313
1  1.79487878