0.657  1.4500661
0.664  1.45038147
0.671  1.45093862
0.678  1.4517186
0.685  1.45270373
0.692  1.45387752
0.699  1.4552246
0.706  1.45673063
0.713  1.45838225
0.72  1.46016701
0.727  1.46207332
0.734  1.46409038
0.741  1.46620816
0.748  1.46841729
0.755  1.47070909
0.762  1.47307546
0.769  1.47550888
0.776  1.47800235
0.783  1.48054939
0.79  1.48314395
0.797  1.48578043
0.804  1.48845362
0.811  1.49115869
0.818  1.49389117
0.825  1.49664689
0.832  1.49942201
0.839  1.50221295
0.846  1.50501641
0.853  1.50782932
0.86  1.51064886
0.867  1.5134724
0.874  1.51629752
0.881  1.519122
0.888  1.52194377
0.895  1.52476092
0.902  1.52757172
0.909  1.53037454
0.916  1.5331679
0.923  1.53595046
0.93  1.53872095
0.937  1.54147824
0.944  1.54422128
0.951  1.54694913
0.958  1.54966092
0.965  1.55235585
0.972  1.55503323
0.979  1.55769239
0.986  1.56033276
0.993  1.56295382
1  1.5655551
