0.3  2.09044372
0.307  2.10984823
0.314  2.12889346
0.321  2.1475417
0.328  2.16576248
0.335  2.18353206
0.342  2.20083288
0.349  2.21765282
0.356  2.23398457
0.363  2.24982503
0.37  2.26517462
0.377  2.28003677
0.384  2.29441739
0.391  2.3083244
0.398  2.32176734
0.405  2.33475702
0.412  2.34730522
0.419  2.35942439
0.426  2.37112749
0.433  2.38242778
0.44  2.39333865
0.447  2.40387352
0.454  2.41404573
0.461  2.42386845
0.468  2.43335462
0.475  2.44251691
0.482  2.45136766
0.489  2.45991886
0.496  2.46818215
0.503  2.47616876
0.51  2.48388955
0.517  2.49135497
0.524  2.4985751
0.531  2.50555961
0.538  2.51231779
0.545  2.51885857
0.552  2.52519049
0.559  2.53132175
0.566  2.53726021
0.573  2.54301338
0.58  2.54858845
0.587  2.55399233
0.594  2.55923158
0.601  2.56431253
0.608  2.56924121
0.615  2.57402337
0.622  2.57866455
0.629  2.58317002
0.636  2.58754484
0.643  2.59179384
0.65  2.59592165
0.657  2.59993268
0.664  2.60383118
0.671  2.6076212
0.678  2.61130663
0.685  2.61489119
0.692  2.61837843
0.699  2.62177176
0.706  2.62507446
0.713  2.62828967
0.72  2.63142037
0.727  2.63446946
0.734  2.63743969
0.741  2.64033372
0.748  2.64315409
0.755  2.64590323
0.762  2.64858349
0.769  2.65119713
0.776  2.65374629
0.783  2.65623305
0.79  2.65865942
0.797  2.6610273
0.804  2.66333854
0.811  2.66559492
0.818  2.66779813
0.825  2.66994981
0.832  2.67205155
0.839  2.67410487
0.846  2.67611122
0.853  2.67807202
0.86  2.67998862
0.867  2.68186234
0.874  2.68369442
0.881  2.68548609
0.888  2.68723853
0.895  2.68895284
0.902  2.69063014
0.909  2.69227147
0.916  2.69387784
0.923  2.69545024
0.93  2.6969896
0.937  2.69849686
0.944  2.69997287
0.951  2.70141851
0.958  2.70283459
0.965  2.70422192
0.972  2.70558125
0.979  2.70691334
0.986  2.7082189
0.993  2.70949863


