0.342  1.61077922
0.349  1.61120948
0.356  1.61201009
0.363  1.61317879
0.37  1.61471495
0.377  1.61661943
0.384  1.61889445
0.391  1.62154342
0.398  1.62457083
0.405  1.62798205
0.412  1.63178317
0.419  1.63598082
0.426  1.64058199
0.433  1.64559373
0.44  1.65102301
0.447  1.65687637
0.454  1.66315967
0.461  1.6698778
0.468  1.67703438
0.475  1.68463141
0.482  1.69266901
0.489  1.70114514
0.496  1.7100553
0.503  1.71939238
0.51  1.72914646
0.517  1.73930475
0.524  1.74985153
0.531  1.76076829
0.538  1.77203378
0.545  1.78362431
0.552  1.79551399
0.559  1.80767508
0.566  1.82007842
0.573  1.83269381
0.58  1.84549044
0.587  1.85843732
0.594  1.87150371
0.601  1.88465944
0.608  1.89787529
0.615  1.91112321
0.622  1.92437662
0.629  1.93761051
0.636  1.95080164
0.643  1.96392856
0.65  1.97697168
0.657  1.98991328
0.664  2.00273744
0.671  2.01543003
0.678  2.0279786
0.685  2.04037232
0.692  2.05260189
0.699  2.0646594
0.706  2.07653825
0.713  2.08823304
0.72  2.09973947
0.727  2.11105421
0.734  2.12217485
0.741  2.13309977
0.748  2.14382808
0.755  2.1543595
0.762  2.16469435
0.769  2.17483342
0.776  2.18477794
0.783  2.19452951
0.79  2.20409006
0.797  2.2134618
0.804  2.22264717
0.811  2.23164882
0.818  2.24046956
0.825  2.24911233
0.832  2.25758019
0.839  2.26587627
0.846  2.27400379
0.853  2.28196598
0.86  2.28976615
0.867  2.29740758
0.874  2.30489358
0.881  2.31222744
0.888  2.31941246
0.895  2.32645187
0.902  2.33334892
0.909  2.34010678
0.916  2.34672862
0.923  2.35321753
0.93  2.35957656
0.937  2.36580872
0.944  2.37191695
0.951  2.37790415
0.958  2.38377315
0.965  2.38952672
0.972  2.39516759
0.979  2.4006984
0.986  2.40612176
0.993  2.41144021
