0.678  1.61073641
0.685  1.61108602
0.692  1.61179805
0.699  1.61286421
0.706  1.61427795
0.713  1.61603425
0.72  1.61812933
0.727  1.62056043
0.734  1.62332563
0.741  1.62642361
0.748  1.62985346
0.755  1.63361452
0.762  1.63770616
0.769  1.64212762
0.776  1.64687782
0.783  1.65195523
0.79  1.65735767
0.797  1.66308217
0.804  1.66912487
0.811  1.67548088
0.818  1.68214419
0.825  1.68910763
0.832  1.6963628
0.839  1.70390008
0.846  1.71170865
0.853  1.71977652
0.86  1.72809062
0.867  1.73663689
0.874  1.74540042
0.881  1.75436556
0.888  1.76351607
0.895  1.77283533
0.902  1.78230642
0.909  1.79191233
0.916  1.80163611
0.923  1.81146099
0.93  1.82137053
0.937  1.83134871
0.944  1.84138006
0.951  1.85144972
0.958  1.86154353
0.965  1.87164804
0.972  1.88175062
0.979  1.89183939
0.986  1.90190329
0.993  1.9119321
1  1.92191635